MultiGPUParallelSpatialAdaptiveKDE/x64/Debug/sec.asc
ncols 100
nrows 100
xllcorner 0.000000
yllcorner 0.000000
cellsize 1.000000
NODATA_value -9999
[rows 76 to 94 of 100, columns 43 to 85 of 100]
0.0154643477872014 0.0162199307233095 0.0168796014040709 0.0174844544380903 0.0179882682859898 0.0184139572083950 0.0188080668449402 0.0191708412021399 0.0195805393159389 0.0199630372226238 0.0203376989811659 0.0207870770245790 0.0211988221853971 0.0217576622962952 0.0223710592836142 0.0229674223810434 0.0235394239425659 0.0242701657116413 0.0249885953962803 0.0257028155028820 0.0263929925858974 0.0269708763808012 0.0274546444416046 0.0277960244566202 0.0278625320643187 0.0277088377624750 0.0273821465671062 0.0268327053636312 0.0260763429105282 0.0250735525041819 0.0239468012005091 0.0227398518472910 0.0215059127658606 0.0202638003975153 0.0189805626869202 0.0177856944501400 0.0166535358875990 0.0155707206577063 0.0145148895680904 0.0135317752137780 0.0126131214201450 0.0117023726925254 0.0108594885095954
0.0164999570697546 0.0172956101596355 0.0179819315671921 0.0186786893755198 0.0192815326154232 0.0197905562818050 0.0202688835561275 0.0207996442914009 0.0212772078812122 0.0217905864119530 0.0223437212407589 0.0228818971663713 0.0233373176306486 0.0239443909376860 0.0245474334806204 0.0251772198826075 0.0257338788360357 0.0263593308627605 0.0270034838467836 0.0276181586086750 0.0281694941222668 0.0286581013351679 0.0290561728179455 0.0292947720736265 0.0292965453118086 0.0290381256490946 0.0285704731941223 0.0279608648270369 0.0271131098270416 0.0260022450238466 0.0247573442757130 0.0234551187604666 0.0221524797379971 0.0208258777856827 0.0194956399500370 0.0181937795132399 0.0169945750385523 0.0158186405897141 0.0147514101117849 0.0137417865917087 0.0127881411463022 0.0118432193994522 0.0109413908794522
0.0175658017396927 0.0183263905346394 0.0190770011395216 0.0198436770588160 0.0204864516854286 0.0210721008479595 0.0216580927371979 0.0223856214433908 0.0229772664606571 0.0236339494585991 0.0243584066629410 0.0249739363789558 0.0255824588239193 0.0262220837175846 0.0268519707024097 0.0274647176265717 0.0280679278075695 0.0286055244505405 0.0290285684168339 0.0295228101313114 0.0299572311341763 0.0302900746464729 0.0305567160248756 0.0306729953736067 0.0305607337504625 0.0302557274699211 0.0296310316771269 0.0289386361837387 0.0279931649565697 0.0268547981977463 0.0255344789475203 0.0240843836218119 0.0227097552269697 0.0212929267436266 0.0199118163436651 0.0185275524854660 0.0172806978225708 0.0160751659423113 0.0149643179029226 0.0139173753559589 0.0129319829866290 0.0119567178189754 0.0110651263967156
0.0185121651738882 0.0192756596952677 0.0201279800385237 0.0209071878343821 0.0216145403683186 0.0223048273473978 0.0230094678699970 0.0238267220556736 0.0245546624064445 0.0253607090562582 0.0262584816664457 0.0270253531634808 0.0277752000838518 0.0284987501800060 0.0290485918521881 0.0296662822365761 0.0302087590098381 0.0306261293590069 0.0310307685285807 0.0313183329999447 0.0315455347299576 0.0317367948591709 0.0318531803786755 0.0318333432078362 0.0316274873912334 0.0311713051050901 0.0305589549243450 0.0296771358698606 0.0286823697388172 0.0274809338152409 0.0260865930467844 0.0246259737759829 0.0231160540133715 0.0216558706015348 0.0202291421592236 0.0188056305050850 0.0174900013953447 0.0162739325314760 0.0151271158829331 0.0140490159392357 0.0130368946120143 0.0119873285293579 0.0111344633623958
0.0194103978574276 0.0202134456485510 0.0210529286414385 0.0218395628035069 0.0226303674280643 0.0233945343643427 0.0242083184421062 0.0251279957592487 0.0260582678020000 0.0269761700183153 0.0279524661600590 0.0288880709558725 0.0297674164175987 0.0305389445275068 0.0311120674014091 0.0316627435386181 0.0321104899048805 0.0324192345142365 0.0326573327183723 0.0328241735696793 0.0328817069530487 0.0328357666730881 0.0327958539128304 0.0326388068497181 0.0323344282805920 0.0317850634455681 0.0310974903404713 0.0301871597766876 0.0290868021547794 0.0278608463704586 0.0264686029404402 0.0248892512172461 0.0233754906803370 0.0219003297388554 0.0204424019902945 0.0189839527010918 0.0176444239914417 0.0164001267403364 0.0152276325970888 0.0141267273575068 0.0130400871858001 0.0120370956137776 0.0111197177320719
0.0202811192721128 0.0210563633590937 0.0218778010457754 0.0226898062974215 0.0234661344438791 0.0243720058351755 0.0252359230071306 0.0262355189770460 0.0272924527525902 0.0283410530537367 0.0294186975806952 0.0304662846028805 0.0314273722469807 0.0322379842400551 0.0328975543379784 0.0332579873502254 0.0336427949368954 0.0338370688259602 0.0338905192911625 0.0338774211704731 0.0337406471371651 0.0335100963711739 0.0333182588219643 0.0330322310328484 0.0326250568032265 0.0319878309965134 0.0312481708824635 0.0302964951843023 0.0292136427015066 0.0279350448399782 0.0265436768531799 0.0249705929309130 0.0234551131725311 0.0219780057668686 0.0205138083547354 0.0190204419195652 0.0176974777132273 0.0164400972425938 0.0152544556185603 0.0141410389915109 0.0130542209371924 0.0120392199605703 0.0111164059489965
0.0210963338613510 0.0217980314046144 0.0225711204111576 0.0233339574187994 0.0241531431674957 0.0250674188137054 0.0260187424719334 0.0270423684269190 0.0282373894006014 0.0293675605207682 0.0305336248129606 0.0316374115645885 0.0326039716601372 0.0334461592137814 0.0340668410062790 0.0344307981431484 0.0345998220145702 0.0346698276698589 0.0345616079866886 0.0343735925853252 0.0341078490018845 0.0337253957986832 0.0333203971385956 0.0329256355762482 0.0323910713195801 0.0317634865641594 0.0309995040297508 0.0300995185971260 0.0289567522704601 0.0277403052896261 0.0263570975512266 0.0248616132885218 0.0233208499848843 0.0218710042536259 0.0204021632671356 0.0189518351107836 0.0176365245133638 0.0163828618824482 0.0151981618255377 0.0140382796525955 0.0130049558356404 0.0119880791753531 0.0110613508149981
0.0218153018504381 0.0224407613277435 0.0231446884572506 0.0238522347062826 0.0246734265238047 0.0255659781396389 0.0264993384480476 0.0275710988789797 0.0288077592849731 0.0299651790410280 0.0311761703342199 0.0322475209832191 0.0332783795893192 0.0340756736695766 0.0346533283591270 0.0349727496504784 0.0349491089582443 0.0348798781633377 0.0346098877489567 0.0342637114226818 0.0338454060256481 0.0333628915250301 0.0328333973884583 0.0323070846498013 0.0317304991185665 0.0310486145317554 0.0303315855562687 0.0294303484261036 0.0283630955964327 0.0272039826959372 0.0258761476725340 0.0245040357112885 0.0229604169726372 0.0215401761233807 0.0201494116336107 0.0187363084405661 0.0174487009644508 0.0162106826901436 0.0149951931089163 0.0139042930677533 0.0128772724419832 0.0118175297975540 0.0109330266714096
0.0224225223064423 0.0229742079973221 0.0236024316400290 0.0242380630224943 0.0249940734356642 0.0258143544197083 0.0267348568886518 0.0277144126594067 0.0289497859776020 0.0301159154623747 0.0312944911420345 0.0323618613183498 0.0332934930920601 0.0340702831745148 0.0345619618892670 0.0347895957529545 0.0347034409642220 0.0344186313450336 0.0340127609670162 0.0335353687405586 0.0329962186515331 0.0324166044592857 0.0318639092147350 0.0312518402934074 0.0305614564567804 0.0299356468021870 0.0292544998228550 0.0284299869090319 0.0274353642016649 0.0263635478913784 0.0251659415662289 0.0238427389413118 0.0223601255565882 0.0210534539073706 0.0197316817939281 0.0183794181793928 0.0171144213527441 0.0158921666443348 0.0147644812241197 0.0136951534077525 0.0126629397273064 0.0116415321826935 0.0107870176434517
0.0229460727423429 0.0234146825969219 0.0239171870052814 0.0244524218142033 0.0251194946467876 0.0258488226681948 0.0266558323055506 0.0276071596890688 0.0287139154970646 0.0298556536436081 0.0309476703405380 0.0318940654397011 0.0327422618865967 0.0334107503294945 0.0338186696171761 0.0339284688234329 0.0337546579539776 0.0333102494478226 0.0327955819666386 0.0322203189134598 0.0316033139824867 0.0309606455266476 0.0303488988429308 0.0297143775969744 0.0290596075356007 0.0284762810915709 0.0278562474995852 0.0271158292889595 0.0262203179299831 0.0252598468214273 0.0241732019931078 0.0228771492838860 0.0215977095067501 0.0203913711011410 0.0191587992012501 0.0178653337061405 0.0166656095534563 0.0155334193259478 0.0144464438781142 0.0133895417675376 0.0123666580766439 0.0114270215854049 0.0105837853625417
0.0233704373240471 0.0237614139914513 0.0240904241800308 0.0245951078832150 0.0251084137707949 0.0256984923034906 0.0263860113918781 0.0271447375416756 0.0281526297330856 0.0290993098169565 0.0300971288233995 0.0309394281357527 0.0316607989370823 0.0321594253182411 0.0324878841638565 0.0324764661490917 0.0322212092578411 0.0316568873822689 0.0310287494212389 0.0303936526179314 0.0297289229929447 0.0290645528584719 0.0284612476825714 0.0278874021023512 0.0272350702434778 0.0267167929559946 0.0261689797043800 0.0255437139421701 0.0247666481882334 0.0239339731633663 0.0229605305939913 0.0218694955110550 0.0206739827990532 0.0195584706962109 0.0184338260442019 0.0172379966825247 0.0161449164152145 0.0150750437751412 0.0140214599668980 0.0130336340516806 0.0120030948892236 0.0111448587849736 0.0103283738717437
0.0237374827265739 0.0239818152040243 0.0242368448525667 0.0245811846107244 0.0249531194567680 0.0253796409815550 0.0259148273617029 0.0265625081956387 0.0272105187177658 0.0280504897236824 0.0288541074842215 0.0295549947768450 0.0301048681139946 0.0304564405232668 0.0305961761623621 0.0305136200040579 0.0301625281572342 0.0295435450971127 0.0288658719509840 0.0282058566808701 0.0275119766592979 0.0268847830593586 0.0263110287487507 0.0257335398346186 0.0252050850540400 0.0247598811984062 0.0243119094520807 0.0238010399043560 0.0231533125042915 0.0224333573132753 0.0216297116130590 0.0206027720123529 0.0195981152355671 0.0186056550592184 0.0175980310887098 0.0165364965796471 0.0155019983649254 0.0145074473693967 0.0135345598682761 0.0125605827197433 0.0116400253027678 0.0108145279809833 0.0100285457447171
0.0239946022629738 0.0241313129663467 0.0242356229573488 0.0244125183671713 0.0246579367667437 0.0249332413077354 0.0252621620893478 0.0257249418646097 0.0262128412723541 0.0268103703856468 0.0273238625377417 0.0278042312711477 0.0282365959137678 0.0284142494201660 0.0283567719161510 0.0281795859336853 0.0277980156242847 0.0271565411239862 0.0264192055910826 0.0257661212235689 0.0251008868217468 0.0245169755071402 0.0240052305161953 0.0235084984451532 0.0230561848729849 0.0226841084659100 0.0223542582243681 0.0219364184886217 0.0214249100536108 0.0208440963178873 0.0201820135116577 0.0193074587732553 0.0184289552271366 0.0175698176026344 0.0166300181299448 0.0157281327992678 0.0148092899471521 0.0138888396322727 0.0129462182521820 0.0120339645072818 0.0112194726243615 0.0104339933022857 0.0096850860863924
0.0241312142461538 0.0241590458899736 0.0241491049528122 0.0241288933902979 0.0242244675755501 0.0243234448134899 0.0245147962123156 0.0247713439166546 0.0250447075814009 0.0253575425595045 0.0256835948675871 0.0259706061333418 0.0261147003620863 0.0261411387473345 0.0259455684572458 0.0256438832730055 0.0251345038414001 0.0246025901287794 0.0238261763006449 0.0232287030667067 0.0226170867681503 0.0220897253602743 0.0215805657207966 0.0212119799107313 0.0209245439618826 0.0205932743847370 0.0203290637582541 0.0199990384280682 0.0196412224322557 0.0192161463201046 0.0186088774353266 0.0179730635136366 0.0172641929239035 0.0165055301040411 0.0156865175813437 0.0148796010762453 0.0140508022159338 0.0131731405854225 0.0123561862856150 0.0115081956610084 0.0107433432713151 0.0100039392709732 0.0092510748654604
0.0240467488765717 0.0240471884608269 0.0239401906728745 0.0238147694617510 0.0237665306776762 0.0236949305981398 0.0236660297960043 0.0237119272351265 0.0237551927566528 0.0238201785832644 0.0239066630601883 0.0240272935479879 0.0239502657204866 0.0237950272858143 0.0235225986689329 0.0231038890779018 0.0225527342408895 0.0218988936394453 0.0212445687502623 0.0206093192100525 0.0201202947646379 0.0196382887661457 0.0191959794610739 0.0189282707870007 0.0187370516359806 0.0185362119227648 0.0183619633316994 0.0181446224451065 0.0179266911000013 0.0176151543855667 0.0171073731034994 0.0166463293135166 0.0160536244511604 0.0153483040630817 0.0146940201520920 0.0139862420037389 0.0132066113874316 0.0124627565965056 0.0116709936410189 0.0109477071091533 0.0102366767823696 0.0095473630353808 0.0088490732014179
0.0239056665450335 0.0238306522369385 0.0236357338726521 0.0234070662409067 0.0231683887541294 0.0229879226535559 0.0227816514670849 0.0226226337254047 0.0224498789757490 0.0222889054566622 0.0221685431897640 0.0220103021711111 0.0218126084655523 0.0215073525905609 0.0210745278745890 0.0205994024872780 0.0200506169348955 0.0194092318415642 0.0187269840389490 0.0181598179042339 0.0177600663155317 0.0173331219702959 0.0170500781387091 0.0168746225535870 0.0167786926031113 0.0166507977992296 0.0165550168603659 0.0164330247789621 0.0163049753755331 0.0160902030766010 0.0157064646482468 0.0152875110507011 0.0148507691919804 0.0142582291737199 0.0136495726183057 0.0130429174751043 0.0123970741406083 0.0116798244416714 0.0110190063714981 0.0103512005880475 0.0096968011930585 0.0090110097080469 0.0084191141650081
0.0235558208078146 0.0234109181910753 0.0231988653540611 0.0229018442332745 0.0225353930145502 0.0221540797501802 0.0218374878168106 0.0215165372937918 0.0211613122373819 0.0208142492920160 0.0204533264040947 0.0201176162809134 0.0197970401495695 0.0193667449057102 0.0188497975468636 0.0182795189321041 0.0177051629871130 0.0170534607023001 0.0164665132761002 0.0159669332206249 0.0155153237283230 0.0152296936139464 0.0150847062468529 0.0149960974231362 0.0149570759385824 0.0148902731016278 0.0148030342534184 0.0148158865049481 0.0147572234272957 0.0145273460075259 0.0143430596217513 0.0140251209959388 0.0136284781619906 0.0131363794207573 0.0126669211313128 0.0121387820690870 0.0115190092474222 0.0109318913891912 0.0103348586708307 0.0097327074036002 0.0091361366212368 0.0084675718098879 0.0079294638708234
0.0230755582451820 0.0228312686085701 0.0226048603653908 0.0222480427473783 0.0217926278710365 0.0213005226105452 0.0208589993417263 0.0203554295003414 0.0198773797601461 0.0193848274648190 0.0188737586140633 0.0183868408203125 0.0178277306258678 0.0173862166702747 0.0168040785938501 0.0162036623805761 0.0156021956354380 0.0149599434807897 0.0144100999459624 0.0139001198112965 0.0136188426986337 0.0134153058752418 0.0132817523553967 0.0132582783699036 0.0132980905473232 0.0132781080901623 0.0132476640865207 0.0133306570351124 0.0132231684401631 0.0131907705217600 0.0130214923992753 0.0127305509522557 0.0124715501442552 0.0120938317850232 0.0116949751973152 0.0111898723989725 0.0106858173385262 0.0101711098104715 0.0096376603469253 0.0090687014162540 0.0084896050393581 0.0079803019762039 0.0074877184815705
0.0223942995071411 0.0221396163105965 0.0218146517872810 0.0214492194354534 0.0209325291216373 0.0203791633248329 0.0197767559438944 0.0192094892263412 0.0186247508972883 0.0180109813809395 0.0173836853355169 0.0167388133704662 0.0161330960690975 0.0154838794842362 0.0149119980633259 0.0143460873514414 0.0137175992131233 0.0130978208035231 0.0125794718042016 0.0121824294328690 0.0119464024901390 0.0117798047140241 0.0117055810987949 0.0116962725296617 0.0117410654202104 0.0117216557264328 0.0117940092459321 0.0118340039625764 0.0118583552539349 0.0118961473926902 0.0117259975522757 0.0116042345762253 0.0113955186679959 0.0110753364861012 0.0106947561725974 0.0102866329252720 0.0098657840862870 0.0094138635322452 0.0089393164962530 0.0084091899916530 0.0079473089426756 0.0074890567921102 0.0070059136487544
