MultiGPUParallelSpatialAdaptiveKDE/x64/Debug/sec.asc
ncols 100
nrows 100
xllcorner 0.000000
yllcorner 0.000000
cellsize 1.000000
NODATA_value -9999
[rows 76 to 94 of 100, columns 0 to 42 of 100]
0.0072713606059551 0.0075074220076203 0.0077109206467867 0.0078789712861180 0.0080264834687114 0.0081193335354328 0.0081928968429565 0.0082125570625067 0.0082123493775725 0.0081651564687490 0.0080870352685452 0.0079813925549388 0.0078708762302995 0.0077267689630389 0.0076317107304931 0.0074844211339951 0.0073366728611290 0.0071932002902031 0.0070583503693342 0.0069456924684346 0.0068396958522499 0.0067921993322670 0.0068176714703441 0.0068121622316539 0.0068914657458663 0.0069640241563320 0.0070696687325835 0.0072494945488870 0.0073493430390954 0.0076322960667312 0.0079119466245174 0.0082941688597202 0.0086364280432463 0.0090515753254294 0.0095456000417471 0.0100390808656812 0.0106765944510698 0.0112586906179786 0.0119008924812078 0.0125439241528511 0.0132528441026807 0.0140199847519398 0.0147006893530488
0.0077140829525888 0.0079608894884586 0.0081707639619708 0.0083405366167426 0.0084679005667567 0.0085551859810948 0.0086121316999197 0.0086127780377865 0.0085860658437014 0.0085262106731534 0.0084174117073417 0.0082781547680497 0.0081128673627973 0.0079771773889661 0.0078213149681687 0.0076370383612812 0.0074531435966492 0.0072750300168991 0.0071076499298215 0.0069553470239043 0.0068683344870806 0.0068109850399196 0.0068031181581318 0.0068403137847781 0.0068758446723223 0.0069624865427613 0.0070900497958064 0.0073006949387491 0.0074810469523072 0.0077658030204475 0.0081473244354129 0.0085481312125921 0.0089506004005671 0.0094279423356056 0.0100431293249130 0.0106347277760506 0.0112462742254138 0.0119328852742910 0.0126213440671563 0.0133797144517303 0.0141791431233287 0.0149011509492993 0.0156580600887537
0.0081796413287520 0.0084502343088388 0.0086673796176910 0.0088395392522216 0.0089642340317369 0.0090400641784072 0.0090704606845975 0.0090675540268421 0.0090043768286705 0.0088985878974199 0.0087737105786800 0.0085997404530644 0.0083974245935678 0.0082265948876739 0.0080337207764387 0.0078117735683918 0.0075911772437394 0.0073780100792646 0.0071778250858188 0.0070367697626352 0.0069262767210603 0.0068624354898930 0.0068607009015977 0.0068649644963443 0.0069177481345832 0.0070254625752568 0.0071777328848839 0.0074215214699507 0.0076850666664541 0.0079668257385492 0.0084024341776967 0.0088704917579889 0.0093683963641524 0.0099856127053499 0.0105857811868191 0.0112383598461747 0.0119178071618080 0.0126584935933352 0.0133912498131394 0.0142798749729991 0.0150678548961878 0.0158469602465630 0.0166442003101110
0.0086747985333204 0.0089710559695959 0.0091961966827512 0.0093712722882628 0.0094936378300190 0.0095618534833193 0.0095757422968745 0.0095401173457503 0.0094694662839174 0.0093364221975207 0.0091775441542268 0.0089688990265131 0.0087633663788438 0.0085103269666433 0.0082942042499781 0.0080344062298536 0.0077768685296178 0.0075283464975655 0.0073349387384951 0.0071344817988575 0.0070104543119669 0.0069373943842947 0.0069296620786190 0.0069362642243505 0.0070092682726681 0.0071364706382155 0.0073172007687390 0.0075973388738930 0.0079056387767196 0.0083200028166175 0.0087255630642176 0.0092537477612495 0.0099194953218102 0.0105280866846442 0.0112112127244473 0.0119378101080656 0.0126816993579268 0.0134342927485704 0.0143470400944352 0.0151623347774148 0.0159700103104115 0.0167647898197174 0.0176866669207811
0.0092113604769111 0.0095054889097810 0.0097377067431808 0.0099295023828745 0.0100497696548700 0.0101104769855738 0.0101115535944700 0.0100578470155597 0.0099614504724741 0.0098009435459971 0.0095943044871092 0.0093945432454348 0.0091280778869987 0.0088380165398121 0.0085669830441475 0.0082840304821730 0.0079896301031113 0.0077434051781893 0.0074893650598824 0.0073071569204330 0.0071667796000838 0.0070945052430034 0.0070450752973557 0.0070571741089225 0.0071345637552440 0.0072834570892155 0.0075056604109704 0.0078250151127577 0.0081815691664815 0.0086514409631491 0.0090931346639991 0.0098004098981619 0.0104678776115179 0.0111792460083961 0.0119060762226582 0.0126913851127028 0.0134888757020235 0.0143206864595413 0.0152468373999000 0.0160838142037392 0.0169003996998072 0.0176927074790001 0.0186515655368567
0.0097520593553782 0.0100569278001785 0.0103141786530614 0.0104948692023754 0.0106119783595204 0.0106640374287963 0.0106663405895233 0.0105912368744612 0.0104593206197023 0.0102847740054131 0.0100469775497913 0.0098008681088686 0.0095132458955050 0.0091865090653300 0.0088782534003258 0.0085403639823198 0.0082244249060750 0.0079520894214511 0.0077095450833440 0.0074707213789225 0.0073570879176259 0.0072434106841683 0.0071936212480068 0.0072136190719903 0.0073077096603811 0.0074781682342291 0.0077297072857618 0.0080803008750081 0.0084887612611055 0.0090215131640434 0.0097294235602021 0.0103344488888979 0.0110773462802172 0.0118621131405234 0.0126495119184256 0.0134915942326188 0.0143867619335651 0.0152208758518100 0.0161288511008024 0.0169939380139112 0.0178207196295261 0.0185914020985365 0.0195310711860657
0.0103178974241018 0.0106249898672104 0.0108846146613359 0.0110841998830438 0.0111996140331030 0.0112445205450058 0.0112191280350089 0.0111253187060356 0.0109665710479021 0.0107513032853603 0.0105106504634023 0.0102361971512437 0.0098967235535383 0.0095485504716635 0.0092034349218011 0.0088295303285122 0.0085019562393427 0.0081788320094347 0.0079168304800987 0.0076563227921724 0.0075378767214715 0.0074182436801493 0.0073701879009604 0.0073858695104718 0.0074997325427830 0.0076991845853627 0.0079840067774057 0.0083930473774672 0.0088536934927106 0.0095432270318270 0.0101981200277805 0.0109074478968978 0.0117303756996989 0.0125867789611220 0.0134363453835249 0.0143725033849478 0.0152761051431298 0.0161342490464449 0.0170679427683353 0.0178962349891663 0.0186889152973890 0.0195589680224657 0.0203668866306543
0.0108830872923136 0.0112045267596841 0.0114724729210138 0.0116582885384560 0.0117859877645969 0.0118236886337399 0.0117858769372106 0.0116747105494142 0.0114940656349063 0.0112493550404906 0.0109847122803330 0.0106621021404862 0.0102889966219664 0.0098886247724295 0.0095216454938054 0.0091490279883146 0.0087595516815782 0.0084325689822435 0.0081250732764602 0.0078451065346599 0.0077238818630576 0.0076006539165974 0.0075567439198494 0.0075993379577994 0.0077336947433650 0.0079626180231571 0.0082858465611935 0.0087042907252908 0.0093000857159495 0.0100183114409447 0.0107432445511222 0.0116077866405249 0.0124059943482280 0.0133310081437230 0.0142705626785755 0.0152396215125918 0.0161807797849178 0.0171085093170404 0.0179925672709942 0.0187977962195873 0.0195674225687981 0.0203737579286098 0.0211195759475231
0.0114373769611120 0.0117723774164915 0.0120479837059975 0.0122373439371586 0.0123469419777393 0.0123753342777491 0.0123402671888471 0.0122121069580317 0.0120101310312748 0.0117402588948607 0.0114479493349791 0.0110791698098183 0.0106751983985305 0.0102583011612296 0.0098398365080357 0.0094546368345618 0.0090355463325977 0.0086890337988734 0.0083428528159857 0.0080863395705819 0.0079361414536834 0.0078105870634317 0.0077718030661345 0.0078275417909026 0.0079834498465061 0.0082424962893128 0.0086042974144220 0.0090644126757979 0.0097773056477308 0.0105136064812541 0.0113162808120251 0.0122323250398040 0.0130902715027332 0.0140841780230403 0.0151261547580361 0.0160969495773315 0.0170626286417246 0.0179988164454699 0.0188709720969200 0.0196735188364983 0.0203824583441019 0.0211532451212406 0.0218175556510687
0.0119566172361374 0.0123172979801893 0.0125883957371116 0.0127918794751167 0.0128994639962912 0.0129210073500872 0.0128571903333068 0.0127107454463840 0.0125035559758544 0.0122403241693974 0.0118945278227329 0.0114978421479464 0.0110609391704202 0.0105986874550581 0.0101631721481681 0.0097375446930528 0.0093303266912699 0.0089412834495306 0.0085762105882168 0.0083104437217116 0.0081351678818464 0.0080243069678545 0.0079918717965484 0.0080615114420652 0.0082391789183021 0.0085279084742069 0.0089271087199450 0.0095283547416329 0.0102086868137121 0.0109674585983157 0.0118750110268593 0.0128512354567647 0.0138090131804347 0.0148131698369980 0.0159142501652241 0.0169093105942011 0.0179083310067654 0.0188717041164637 0.0197347905486822 0.0204958841204643 0.0211508981883526 0.0218305867165327 0.0224023088812828
0.0124586168676615 0.0128151150420308 0.0131055396050215 0.0133099574595690 0.0134150516241789 0.0134296473115683 0.0133545938879251 0.0131929107010365 0.0129496324807405 0.0126652615144849 0.0123102003708482 0.0118876518681645 0.0114237815141678 0.0109304515644908 0.0104919085279107 0.0100190043449402 0.0095935966819525 0.0091662798076868 0.0087999161332846 0.0085268765687943 0.0083469767123461 0.0082191713154316 0.0081915240734816 0.0082914885133505 0.0084901694208384 0.0088069550693035 0.0092409523203969 0.0099016185849905 0.0105966078117490 0.0114460894837976 0.0124075626954436 0.0133977001532912 0.0144938938319683 0.0155296167358756 0.0166408922523260 0.0176875479519367 0.0187043603509665 0.0196720529347658 0.0205228403210640 0.0212499033659697 0.0218516271561384 0.0224064849317074 0.0229566507041454
0.0129159241914749 0.0132820336148143 0.0135634783655405 0.0137545987963676 0.0138818286359310 0.0138894384726882 0.0138035910204053 0.0136275673285127 0.0133667699992657 0.0130648575723171 0.0126718208193779 0.0122246518731117 0.0117353079840541 0.0112324897199869 0.0107689248397946 0.0102606080472469 0.0098178423941135 0.0093891760334373 0.0089922472834587 0.0087115354835987 0.0085436329245567 0.0084177544340491 0.0083978306502104 0.0084927156567574 0.0087086400017142 0.0090672336518764 0.0095810135826468 0.0102477753534913 0.0109905973076820 0.0118800783529878 0.0128769623115659 0.0139203621074557 0.0150584559887648 0.0161535535007715 0.0173035915941000 0.0183781981468201 0.0194124747067690 0.0203653909265995 0.0212104413658381 0.0219112131744623 0.0224533006548882 0.0229539722204208 0.0234418343752623
0.0133177675306797 0.0136914057657123 0.0139769874513149 0.0141687765717506 0.0142758833244443 0.0142747582867742 0.0141930431127548 0.0140038337558508 0.0137271806597710 0.0134095847606659 0.0129974847659469 0.0125301182270050 0.0120199667289853 0.0114800427109003 0.0109744127839804 0.0105068339034915 0.0100139928981662 0.0095544243231416 0.0091853141784668 0.0088757080957294 0.0087026171386242 0.0085932873189449 0.0085805403068662 0.0086875604465604 0.0089047299697995 0.0092667294666171 0.0098621603101492 0.0105369333177805 0.0113203059881926 0.0122134163975716 0.0132529838010669 0.0143805872648954 0.0155078358948231 0.0167211722582579 0.0178569648414850 0.0189443901181221 0.0199916679412127 0.0208935700356960 0.0217670220881701 0.0224415566772223 0.0229561049491167 0.0233910307288170 0.0237345360219479
0.0136541426181793 0.0140330241993070 0.0143209705129266 0.0145122297108173 0.0146033139899373 0.0146069452166557 0.0144999567419291 0.0142973419278860 0.0140211880207062 0.0136900357902050 0.0132617009803653 0.0127773340791464 0.0122498441487551 0.0117322523146868 0.0111750680953264 0.0106934141367674 0.0101849492639303 0.0097189955413342 0.0093443226069212 0.0090142460539937 0.0088205337524414 0.0087127080187201 0.0087044853717089 0.0088197886943817 0.0090820053592324 0.0094603821635246 0.0100882807746530 0.0107722561806440 0.0115841496735811 0.0125086503103375 0.0135803800076246 0.0147385662421584 0.0159366689622402 0.0171664655208588 0.0182674638926983 0.0194074455648661 0.0204164087772369 0.0213186480104923 0.0221793316304684 0.0228359326720238 0.0233144331723452 0.0236973371356726 0.0239633508026600
0.0139127820730209 0.0142978616058826 0.0145863182842731 0.0147758293896914 0.0148629853501916 0.0148468324914575 0.0147438086569309 0.0145313246175647 0.0142582040280104 0.0138841141015291 0.0134565792977810 0.0129587370902300 0.0124177169054747 0.0118899475783110 0.0113213211297989 0.0108038177713752 0.0103119313716888 0.0098358457908034 0.0094572249799967 0.0091291572898626 0.0089331492781639 0.0088114421814680 0.0088067920878530 0.0089280093088746 0.0091971941292286 0.0096317743882537 0.0102353477850556 0.0109525658190250 0.0117835532873869 0.0127285234630108 0.0137656060978770 0.0149121545255184 0.0161692481487989 0.0173635482788086 0.0184996332973242 0.0196442753076553 0.0206837188452482 0.0215809904038906 0.0224200729280710 0.0230542775243521 0.0234871376305819 0.0238007847219706 0.0239714346826077
0.0140933450311422 0.0144751351326704 0.0147654712200165 0.0149520263075829 0.0150347799062729 0.0150129180401564 0.0149011695757508 0.0146805308759212 0.0143992826342583 0.0140160368755460 0.0135638685896993 0.0130552807822824 0.0125037608668208 0.0119835501536727 0.0114076072350144 0.0108863040804863 0.0103859985247254 0.0099064270034432 0.0095257749781013 0.0091940602287650 0.0089990496635437 0.0088791986927390 0.0088775930926204 0.0090027367696166 0.0092599540948868 0.0097480090335011 0.0103153083473444 0.0110221067443490 0.0118586272001266 0.0128012504428625 0.0138463079929352 0.0149655118584633 0.0162192285060883 0.0174608770757914 0.0185510348528624 0.0197146572172642 0.0207291021943092 0.0216174032539129 0.0224179811775684 0.0230264998972416 0.0234616231173277 0.0237050466239452 0.0238914713263512
0.0141831487417221 0.0145624997094274 0.0148460185155272 0.0150318918749690 0.0151131059974432 0.0150859011337161 0.0149554405361414 0.0147398095577955 0.0144526008516550 0.0140632344409823 0.0136052062734962 0.0130911516025662 0.0125346640124917 0.0119972703978419 0.0114175155758858 0.0108950911089778 0.0103895170614123 0.0099090216681361 0.0095275482162833 0.0092116035521030 0.0090104676783085 0.0088947499170899 0.0088937608525157 0.0090189399197698 0.0092751104384661 0.0097525799646974 0.0103104114532471 0.0110147930681705 0.0118472678586841 0.0127922138199210 0.0138281015679240 0.0149377323687077 0.0161220319569111 0.0173712708055973 0.0184428226202726 0.0195929575711489 0.0205898489803076 0.0214629042893648 0.0222038812935352 0.0228439196944237 0.0232598353177309 0.0234837513417006 0.0236361064016819
0.0141853159293532 0.0145598500967026 0.0148382904008031 0.0150152826681733 0.0150878466665745 0.0150591582059860 0.0149241033941507 0.0146942082792521 0.0144151598215103 0.0140228299424052 0.0135625842958689 0.0130470851436257 0.0124899223446846 0.0119540933519602 0.0113757010549307 0.0108562689274549 0.0103283710777760 0.0098721776157618 0.0094528654590249 0.0091638360172510 0.0089260339736938 0.0088402396067977 0.0088371951133013 0.0089540388435125 0.0092042507603765 0.0096916826441884 0.0102467695251107 0.0109366169199347 0.0117512661963701 0.0126753188669682 0.0136877894401550 0.0147722288966179 0.0159324165433645 0.0170599408447742 0.0182147379964590 0.0192212630063295 0.0202527940273285 0.0211033299565315 0.0218256097286940 0.0224360860884190 0.0228287242352962 0.0230468809604645 0.0231748446822166
0.0140833733603358 0.0144618330523372 0.0147334709763527 0.0149043230339885 0.0149716036394238 0.0149350073188543 0.0147967217490077 0.0145613364875317 0.0142826875671744 0.0138939637690783 0.0134351812303066 0.0129222841933370 0.0123687433078885 0.0118382237851620 0.0112653663381934 0.0107520483434200 0.0102307572960854 0.0097521282732487 0.0093544181436300 0.0090666841715574 0.0088315643370152 0.0087395440787077 0.0087324250489473 0.0088461209088564 0.0090878475457430 0.0095617016777396 0.0100966989994049 0.0107616530731320 0.0115466797724366 0.0124367652460933 0.0134116876870394 0.0144560132175684 0.0155757674947381 0.0166636537760496 0.0176825132220984 0.0187214091420174 0.0196745526045561 0.0204835832118988 0.0212235581129789 0.0217547286301851 0.0221817400306463 0.0223905928432941 0.0224549435079098
