MultiGPUParallelSpatialAdaptiveKDE/x64/Debug/sec.asc
ncols 100
nrows 100
xllcorner 0.000000
yllcorner 0.000000
cellsize 1.000000
NODATA_value -9999
[rows 57 to 75 of 100, columns 0 to 42 of 100]
0.0046979715116322 0.0049881017766893 0.0053041502833366 0.0056209452450275 0.0059717581607401 0.0063335583545268 0.0066884597763419 0.0070730163715780 0.0075079877860844 0.0079153934493661 0.0083336001262069 0.0087606785818934 0.0092193344607949 0.0096803624182940 0.0101291276514530 0.0106138112023473 0.0110678058117628 0.0114923426881433 0.0119319846853614 0.0124160582199693 0.0128382127732038 0.0132393566891551 0.0136283580213785 0.0139957368373871 0.0143243595957756 0.0146136377006769 0.0148565741255879 0.0150755299255252 0.0152334189042449 0.0154062649235129 0.0155173251405358 0.0155790327116847 0.0155811170116067 0.0155446641147137 0.0154815437272191 0.0153809022158384 0.0152831124141812 0.0151572041213512 0.0150103028863668 0.0148821622133255 0.0147370211780071 0.0145979141816497 0.0144992582499981
0.0046803113073111 0.0049620643258095 0.0052734697237611 0.0055683203972876 0.0059152422472835 0.0062382202595472 0.0066153109073639 0.0069859391078353 0.0073768114671111 0.0077870418317616 0.0081853223964572 0.0085911378264427 0.0090232118964195 0.0094431871548295 0.0098808407783508 0.0103223416954279 0.0107576288282871 0.0111749330535531 0.0115811461582780 0.0120027232915163 0.0123929800465703 0.0127624757587910 0.0131068537011743 0.0134363183751702 0.0137450471520424 0.0140092642977834 0.0142326932400465 0.0144579038023949 0.0146010583266616 0.0147208962589502 0.0148277804255486 0.0148643311113119 0.0148722678422928 0.0148304942995310 0.0147642428055406 0.0146619537845254 0.0145774735137820 0.0144448000937700 0.0143009275197983 0.0141789680346847 0.0140391755849123 0.0139297079294920 0.0138457668945193
0.0046687461435795 0.0049483221955597 0.0052338121458888 0.0055353660136461 0.0058499532751739 0.0061695035547018 0.0065237483941019 0.0068925288505852 0.0072417976334691 0.0076510575599968 0.0080285482108593 0.0084122559055686 0.0088000614196062 0.0092119500041008 0.0096111791208386 0.0100149968639016 0.0104253897443414 0.0108237797394395 0.0111992936581373 0.0115849878638983 0.0119648966938257 0.0122763123363256 0.0125908674672246 0.0128897670656443 0.0131692048162222 0.0134339751675725 0.0136388242244720 0.0138197373598814 0.0139460265636444 0.0140500916168094 0.0141419358551502 0.0141611397266388 0.0141681097447872 0.0141284158453345 0.0140514411032200 0.0139469467103481 0.0138661731034517 0.0137345083057880 0.0135923624038696 0.0135152526199818 0.0133862141519785 0.0132779395207763 0.0131801776587963
0.0046602897346020 0.0049397298134863 0.0052099237218499 0.0054839728400111 0.0057904948480427 0.0061001540161669 0.0064047235064209 0.0067709935829043 0.0071263224817812 0.0074882139451802 0.0078650228679180 0.0082259662449360 0.0085898470133543 0.0089543899521232 0.0093404902145267 0.0097094280645251 0.0100789219141006 0.0104534160345793 0.0108105698600411 0.0111457156017423 0.0115049071609974 0.0118153393268585 0.0120972674340010 0.0123298866674304 0.0126225929707289 0.0128334751352668 0.0130249829962850 0.0131874391809106 0.0132984276860952 0.0133712040260434 0.0134339407086372 0.0134768830612302 0.0134756071493030 0.0134311243891716 0.0133507018908858 0.0132826538756490 0.0131661742925644 0.0130749195814133 0.0129426056519151 0.0128256194293499 0.0127034867182374 0.0126052992418408 0.0125158969312906
0.0046502952463925 0.0049226726405323 0.0051836157217622 0.0054791262373328 0.0057747382670641 0.0060585839673877 0.0063482429832220 0.0066752322018147 0.0070070396177471 0.0073017659597099 0.0076987557113171 0.0080596720799804 0.0083990944549441 0.0087129827588797 0.0090496214106679 0.0094050457701087 0.0097395079210401 0.0100920898839831 0.0104179223999381 0.0107237622141838 0.0110293179750443 0.0113296043127775 0.0116093680262566 0.0118445251137018 0.0120496200397611 0.0122701786458492 0.0124348923563957 0.0125888045877218 0.0126865720376372 0.0127486800774932 0.0128006450831890 0.0128222182393074 0.0128108775243163 0.0127750411629677 0.0126910414546728 0.0126235447824001 0.0125517463311553 0.0123978024348617 0.0122708082199097 0.0121735753491521 0.0120465243235230 0.0119562568143010 0.0118741160258651
0.0046767285093665 0.0049436506815255 0.0051920409314334 0.0054777553305030 0.0057588368654251 0.0060352571308613 0.0063120853155851 0.0066107218153775 0.0068983095698059 0.0072286524809897 0.0075258910655975 0.0078855715692043 0.0082215946167707 0.0085325185209513 0.0088096642866731 0.0091137895360589 0.0094383163377643 0.0097293350845575 0.0100411875173450 0.0103434603661299 0.0105793429538608 0.0108909923583269 0.0111315026879311 0.0113444561138749 0.0115322265774012 0.0117139872163534 0.0118424873799086 0.0119598917663097 0.0120722921565175 0.0121252983808517 0.0121442824602127 0.0121588837355375 0.0121458843350410 0.0121239218860865 0.0120762074366212 0.0120097491890192 0.0119065074250102 0.0117910047993064 0.0116568990051746 0.0115558039397001 0.0114451637491584 0.0114526404067874 0.0113820284605026
0.0047523789107800 0.0050144330598414 0.0052558663301170 0.0055014532990754 0.0057746204547584 0.0060324165970087 0.0062551745213568 0.0065376944839954 0.0068083908408880 0.0070794704370201 0.0073776263743639 0.0076517630368471 0.0079908091574907 0.0082724569365382 0.0085749365389347 0.0088481558486819 0.0091243525967002 0.0094006089493632 0.0096532655879855 0.0099251670762897 0.0101955058053136 0.0104356696829200 0.0106637068092823 0.0108336033299565 0.0110022118315101 0.0111646782606840 0.0112860398367047 0.0113763771951199 0.0114691071212292 0.0115228341892362 0.0115368170663714 0.0115454196929932 0.0115150772035122 0.0115151489153504 0.0114642148837447 0.0113969994708896 0.0112992729991674 0.0111801624298096 0.0110896453261375 0.0110832955688238 0.0109809366986156 0.0109424879774451 0.0109345987439156
0.0048264898359776 0.0050886617973447 0.0053218142129481 0.0055570253171027 0.0058116479776800 0.0060595748946071 0.0063032284379005 0.0065685096196830 0.0068163946270943 0.0070211063139141 0.0072681098245084 0.0074992324225605 0.0077473516575992 0.0080459108576179 0.0083172274753451 0.0085626412183046 0.0087998453527689 0.0090648829936981 0.0093090543523431 0.0095120472833514 0.0097544407472014 0.0099577018991113 0.0101924454793334 0.0103609366342425 0.0105149149894714 0.0106405355036259 0.0107396915555000 0.0108150010928512 0.0108838779851794 0.0109237181022763 0.0109325181692839 0.0109209856018424 0.0109341116622090 0.0109196519479156 0.0109100397676229 0.0108235329389572 0.0107237752526999 0.0106582809239626 0.0106476722285151 0.0105810398235917 0.0105227334424853 0.0105041284114122 0.0105184251442552
0.0048729456029832 0.0051155560649931 0.0053609390743077 0.0055864462628961 0.0058286464773118 0.0060572167858481 0.0062900763005018 0.0065157641656697 0.0067648482508957 0.0069904224947095 0.0072123436257243 0.0074296183884144 0.0076890196651220 0.0078198350965977 0.0080890320241451 0.0083074681460857 0.0085177067667246 0.0087181730195880 0.0089118117466569 0.0091409208253026 0.0093204500153661 0.0094944648444653 0.0096770450472832 0.0098550785332918 0.0100021855905652 0.0101141845807433 0.0102039212360978 0.0102942064404488 0.0103431465104222 0.0103637780994177 0.0103628393262625 0.0103970831260085 0.0103732971474528 0.0103419441729784 0.0103233400732279 0.0102805560454726 0.0102991480380297 0.0102426502853632 0.0102113978937268 0.0101690040901303 0.0101364161819220 0.0101437913253903 0.0101858582347631
0.0049479152075946 0.0051588159985840 0.0054080020636320 0.0056234165094793 0.0058639068156481 0.0060786013491452 0.0062898495234549 0.0065025333315134 0.0067300549708307 0.0069336816668510 0.0071322270669043 0.0073486305773258 0.0075377719476819 0.0077442093752325 0.0079231401905417 0.0081064049154520 0.0082454578951001 0.0084190750494599 0.0086118364706635 0.0087768165394664 0.0089307846501470 0.0090898545458913 0.0092377932742238 0.0093619041144848 0.0095070991665125 0.0096114957705140 0.0096915084868670 0.0097713721916080 0.0098184421658516 0.0098609039559960 0.0098187355324626 0.0098578613251448 0.0098430011421442 0.0098344422876835 0.0098783290013671 0.0099379131570458 0.0099218524992466 0.0098948003724217 0.0098701715469360 0.0098854172974825 0.0098866233602166 0.0099266385659575 0.0099937245249748
0.0050420928746462 0.0052497019059956 0.0054716779850423 0.0056950119324028 0.0058965184725821 0.0061123608611524 0.0063068759627640 0.0065059391781688 0.0067123714834452 0.0069196969270706 0.0070968698710203 0.0072672041133046 0.0074303131550550 0.0075857802294195 0.0077331284992397 0.0078980438411236 0.0080822668969631 0.0082034626975656 0.0083057032898068 0.0084426244720817 0.0085747828707099 0.0086970785632730 0.0088027063757181 0.0089596081525087 0.0090328780934215 0.0091378185898066 0.0092159574851394 0.0092697888612747 0.0093260621652007 0.0094029353931546 0.0094489110633731 0.0094004068523645 0.0094507345929742 0.0094503918662667 0.0095208873972297 0.0095874648541212 0.0096019757911563 0.0096183577552438 0.0096301864832640 0.0096831675618887 0.0096876071766019 0.0097698206081986 0.0098444782197475
0.0051527721807361 0.0053575960919261 0.0055732987821102 0.0057754078879952 0.0059829074889421 0.0061841569840908 0.0063625620678067 0.0065320767462254 0.0067338994704187 0.0068989493884146 0.0070550139062107 0.0071988445706666 0.0073344158008695 0.0074617140926421 0.0075916363857687 0.0077022565528750 0.0078270295634866 0.0079557793214917 0.0081090591847897 0.0081298043951392 0.0082249762490392 0.0083327898755670 0.0084223523736000 0.0085015511140227 0.0085914237424731 0.0087025053799152 0.0087938085198402 0.0088631128892303 0.0088982386514544 0.0089636230841279 0.0090677309781313 0.0090581728145480 0.0090691428631544 0.0091175315901637 0.0092271249741316 0.0092808427289128 0.0093258637934923 0.0093858176842332 0.0094454325735569 0.0095467092469335 0.0096392836421728 0.0097294533625245 0.0098789595067501
0.0052965730428696 0.0055001229047775 0.0057107890024781 0.0058989976532757 0.0060761398635805 0.0062658702954650 0.0064699016511440 0.0066239535808563 0.0067664887756109 0.0069187134504318 0.0070500085130334 0.0071706674061716 0.0072778104804456 0.0073758321814239 0.0074651157483459 0.0075459745712578 0.0076466677710414 0.0077212490141392 0.0077905077487230 0.0079283406957984 0.0079563809558749 0.0079957470297813 0.0080734286457300 0.0081713618710637 0.0082333981990814 0.0083090448752046 0.0083253448829055 0.0084228003397584 0.0085238227620721 0.0086353300139308 0.0086955232545733 0.0087255882099271 0.0087743876501918 0.0088717658072710 0.0089241107925773 0.0090190358459949 0.0091302283108234 0.0092251989990473 0.0093283914029598 0.0094797052443027 0.0096338549628854 0.0097854537889361 0.0100284665822983
0.0054697836749256 0.0056732604280114 0.0058646840043366 0.0060621718876064 0.0062305340543389 0.0064062005840242 0.0065684434957802 0.0067227589897811 0.0068438933230937 0.0069775269366801 0.0070769586600363 0.0071701183915138 0.0072516328655183 0.0073190410621464 0.0073771737515926 0.0074268057942390 0.0075011947192252 0.0075473519973457 0.0075898403301835 0.0076293922029436 0.0076665305532515 0.0077582355588675 0.0077832895331085 0.0078416336327791 0.0078951232135296 0.0079423142597079 0.0080052474513650 0.0080542834475636 0.0081233829259872 0.0082440441474319 0.0083362376317382 0.0083945551887155 0.0085028996691108 0.0086757950484753 0.0087882736697793 0.0088915880769491 0.0090482197701931 0.0092205982655287 0.0094037400558591 0.0096153477206826 0.0097847990691662 0.0100133968517184 0.0103358086198568
0.0056755850091577 0.0058803092688322 0.0060701211914420 0.0062611158937216 0.0064438832923770 0.0065895700827241 0.0067358338274062 0.0068497504107654 0.0069669662043452 0.0070673115551472 0.0071394601836801 0.0071977470070124 0.0072488752193749 0.0072952043265104 0.0073207551613450 0.0073647410608828 0.0073843337595463 0.0074004917405546 0.0074146185070276 0.0074279191903770 0.0074769211933017 0.0074979551136494 0.0075257671996951 0.0074755870737135 0.0075409999117255 0.0076055782847106 0.0076895076781511 0.0077587859705091 0.0078159198164940 0.0078989965841174 0.0080210808664560 0.0082451412454247 0.0084373811259866 0.0085499789565802 0.0087030529975891 0.0089015131816268 0.0090680625289679 0.0093154376372695 0.0095213316380978 0.0098527930676937 0.0101514961570501 0.0104379123076797 0.0108051029965281
0.0059132999740541 0.0061241686344147 0.0063135190866888 0.0065216883085668 0.0066780862398446 0.0068131983280182 0.0069435364566743 0.0070396452210844 0.0071150436997414 0.0071705072186887 0.0072489180602133 0.0072771580889821 0.0072910096496344 0.0072976243682206 0.0072929821908474 0.0073061184957623 0.0072929235175252 0.0072774235159159 0.0072932052426040 0.0072857877239585 0.0072820237837732 0.0072828778065741 0.0072937570512295 0.0073053664527833 0.0072454167529941 0.0073262783698738 0.0073759411461651 0.0074877464212477 0.0076148095540702 0.0077465069480240 0.0078483689576387 0.0080652507022023 0.0082973223179579 0.0084824413061142 0.0086654638871551 0.0089220292866230 0.0091669019311666 0.0094076236709952 0.0097533185034990 0.0101334229111671 0.0105422567576170 0.0109186423942447 0.0113778468221426
0.0061841323040426 0.0064071649685502 0.0066198417916894 0.0067904540337622 0.0069547323510051 0.0070796413347125 0.0071789151988924 0.0072722425684333 0.0073261726647615 0.0073570655658841 0.0073841419070959 0.0073788985610008 0.0073784822598100 0.0073454086668789 0.0073059238493443 0.0072865956462920 0.0072435317561030 0.0072281905449927 0.0071889632381499 0.0071544265374541 0.0071263946592808 0.0071062063798308 0.0070946365594864 0.0070971315726638 0.0071481745690107 0.0071318005211651 0.0071939826011658 0.0073485490866005 0.0074844793416560 0.0076240808703005 0.0077756131067872 0.0079917395487428 0.0082225529477000 0.0084959389641881 0.0087203858420253 0.0090450756251812 0.0093763284385204 0.0097372112795711 0.0101030850782990 0.0105363531038165 0.0110213123261929 0.0114903170615435 0.0120081324130297
0.0064961472526193 0.0067346803843975 0.0069417925551534 0.0071109076961875 0.0072675575502217 0.0073824576102197 0.0074760066345334 0.0075493007898331 0.0075812828727067 0.0075868638232350 0.0075679784640670 0.0075468784198165 0.0074918163008988 0.0074212043546140 0.0073648681864142 0.0073044016025960 0.0072601116262376 0.0071900659240782 0.0071202740073204 0.0070494231767952 0.0069964202120900 0.0069545782171190 0.0069249621592462 0.0069543793797493 0.0070018563419580 0.0070804245769978 0.0071148108690977 0.0072587532922626 0.0073946006596088 0.0075450674630702 0.0077856155112386 0.0080272424966097 0.0082687614485621 0.0085624800994992 0.0088992556557059 0.0093042477965355 0.0097117889672518 0.0101464511826634 0.0106113841757178 0.0110640628263354 0.0116843851283193 0.0123328184708953 0.0128875151276588
0.0068661845289171 0.0070927776396275 0.0073051452636719 0.0074771880172193 0.0076128272339702 0.0077324216254056 0.0078038014471531 0.0078415255993605 0.0078661190345883 0.0078455293551087 0.0078052231110632 0.0077496208250523 0.0076599731110036 0.0075531923212111 0.0074619455263019 0.0073767998255789 0.0072565530426800 0.0071522463113070 0.0070541282184422 0.0069825197570026 0.0069037061184645 0.0068394332192838 0.0068292589858174 0.0068586971610785 0.0069251768290997 0.0070237251929939 0.0071112168952823 0.0071713156066835 0.0073394705541432 0.0075283846817911 0.0077868835069239 0.0080803660675883 0.0084154736250639 0.0087876711040735 0.0091849779710174 0.0095844753086567 0.0100977746769786 0.0106532452628016 0.0112596852704883 0.0118378447368741 0.0124125173315406 0.0131301889196038 0.0137363905087113
