MultiGPUParallelSpatialAdaptiveKDE/x64/Debug/sec.asc
ncols 100
nrows 100
xllcorner 0.000000
yllcorner 0.000000
cellsize 1.000000
NODATA_value -9999
[rows 0 to 18 of 100, columns 43 to 85 of 100]
0.0031648240983486 0.0031477969605476 0.0031405189074576 0.0031409044750035 0.0031423687469214 0.0031347873155028 0.0031471969559789 0.0031532775610685 0.0031596967019141 0.0031662653200328 0.0031727771274745 0.0031790155917406 0.0031847548671067 0.0031790747307241 0.0031849050428718 0.0031893085688353 0.0032001279760152 0.0031916773878038 0.0031929337419569 0.0031918445602059 0.0031812107190490 0.0031761445570737 0.0031683007255197 0.0031576282344759 0.0031510195694864 0.0031280627008528 0.0031101056374609 0.0030891478527337 0.0030652286950499 0.0030384010169655 0.0030087318737060 0.0029762992635369 0.0029411937575787 0.0029035168699920 0.0028633791953325 0.0028209008742124 0.0027701810467988 0.0027242838405073 0.0026763351634145 0.0026264935731888 0.0025749197229743 0.0025217763613909 0.0024672264698893
0.0032782459165901 0.0032709431834519 0.0032652034424245 0.0032438579946756 0.0032433145679533 0.0032518182415515 0.0032444084063172 0.0032490943558514 0.0032541840337217 0.0032594844233245 0.0032530440948904 0.0032588026951998 0.0032641412690282 0.0032764270436019 0.0032705669291317 0.0032755704596639 0.0032789499964565 0.0032805129885674 0.0032706249039620 0.0032696286216378 0.0032585393637419 0.0032601933926344 0.0032526322174817 0.0032421350479126 0.0032286648638546 0.0032049622386694 0.0031865229830146 0.0031649670563638 0.0031403368338943 0.0031126884277910 0.0030820944812149 0.0030486367177218 0.0030124126933515 0.0029735283460468 0.0029321014881134 0.0028882590122521 0.0028358600102365 0.0027885034214705 0.0027390364557505 0.0026876239571720 0.0026344358921051 0.0025796403642744 0.0025234094355255
0.0034065321087837 0.0033724273089319 0.0033638020977378 0.0033644374925643 0.0033490117639303 0.0033423497807235 0.0033431458286941 0.0033356121275574 0.0033397222869098 0.0033441607374698 0.0033487053588033 0.0033721250947565 0.0033773980103433 0.0033820199314505 0.0033744550310075 0.0033682258799672 0.0033719821367413 0.0033738061320037 0.0033734987955540 0.0033688978292048 0.0033578143920749 0.0033530734945089 0.0033452527131885 0.0033342980314046 0.0033201770856977 0.0032953137997538 0.0032759057357907 0.0032419275958091 0.0032165916636586 0.0031881225295365 0.0031565965618938 0.0031221034005284 0.0030847431626171 0.0030446306336671 0.0030018885154277 0.0029566513840109 0.0029025492258370 0.0028536960016936 0.0028026707004756 0.0027496467810124 0.0026947997976094 0.0026383083313704 0.0025803504977375
0.0035186482127756 0.0035015163011849 0.0035073135513812 0.0034769414924085 0.0034706692676991 0.0034550915006548 0.0034482306800783 0.0034382289741188 0.0034534467849880 0.0034578111954033 0.0034704268909991 0.0034754634834826 0.0034800847060978 0.0034840172156692 0.0034869883675128 0.0034887336660177 0.0034556037280709 0.0034644487313926 0.0034647446591407 0.0034527687821537 0.0034498539753258 0.0034367521293461 0.0034288896713406 0.0034177484922111 0.0034032955300063 0.0033855186775327 0.0033576593268663 0.0033342470414937 0.0033074626699090 0.0032773849088699 0.0032441043294966 0.0031967351678759 0.0031582254450768 0.0031168642453849 0.0030727845150977 0.0030261250212789 0.0029702975880355 0.0029199114069343 0.0028672884218395 0.0028126102406532 0.0027560614980757 0.0026978286914527 0.0026380973868072
0.0036488547921181 0.0036362961400300 0.0036193274427205 0.0036049766931683 0.0035730018280447 0.0035781743936241 0.0035634208470583 0.0035571902990341 0.0035563057754189 0.0035607523750514 0.0035654010716826 0.0035699703730643 0.0035741722676903 0.0035777145531029 0.0035803071223199 0.0035884359385818 0.0035785667132586 0.0035790847614408 0.0035773376002908 0.0035623693838716 0.0035355391446501 0.0035221367143095 0.0035142791457474 0.0035029854625463 0.0034882235340774 0.0034699817188084 0.0034412427339703 0.0034171054139733 0.0033894507214427 0.0033583634067327 0.0033239440526813 0.0032863086089492 0.0032455853652209 0.0032019142527133 0.0031448272056878 0.0030967192724347 0.0030391477048397 0.0029871931765229 0.0029329338576645 0.0028765604365617 0.0028182668611407 0.0027582473121583 0.0026966945733875
0.0037797482218593 0.0037558893673122 0.0037350335624069 0.0037293673958629 0.0037155696190894 0.0036837488878518 0.0036780955269933 0.0036719765048474 0.0036665145307779 0.0036591049283743 0.0036632441915572 0.0036673627328128 0.0036711550783366 0.0036743092350662 0.0036836727522314 0.0036852348130196 0.0036852925550193 0.0036741138901561 0.0036721162032336 0.0036675767041743 0.0036484515294433 0.0036234962753952 0.0036144608166069 0.0035901144146919 0.0035750684328377 0.0035563758574426 0.0035267670173198 0.0035018941853195 0.0034733486827463 0.0034412229433656 0.0034056266304106 0.0033666857052594 0.0033245384693146 0.0032793374266475 0.0032312422990799 0.0031804242171347 0.0031162954401225 0.0030555792618543 0.0029996468219906 0.0029415383469313 0.0028814568649977 0.0028196047060192 0.0027561858296394
0.0039078639820218 0.0038917118217796 0.0038681481964886 0.0038479799404740 0.0038310696836561 0.0038250256329775 0.0037937755696476 0.0037768464535475 0.0037763896398246 0.0037605394609272 0.0037642035167664 0.0037678969092667 0.0037781996652484 0.0037815899122506 0.0037840616423637 0.0037852963432670 0.0037849918007851 0.0037723006680608 0.0037700301036239 0.0037651089951396 0.0037573692388833 0.0037375378888100 0.0037069940008223 0.0036939918063581 0.0036772154271603 0.0036448044702411 0.0036143402103335 0.0035887220874429 0.0035592643544078 0.0035260682925582 0.0034892559051514 0.0034489615354687 0.0034053362905979 0.0033585436176509 0.0033087555784732 0.0032561551779509 0.0032009307760745 0.0031369924545288 0.0030674585141242 0.0030075761023909 0.0029456650372595 0.0028819374274462 0.0028166046831757
0.0040536327287555 0.0040221968665719 0.0039946124888957 0.0039708204567432 0.0039587547071278 0.0039429962635040 0.0039223716594279 0.0039136316627264 0.0038837008178234 0.0038835124578327 0.0038685349281877 0.0038790397811681 0.0038827327080071 0.0038858370389789 0.0038880077190697 0.0038889101706445 0.0038882256485522 0.0038856526371092 0.0038713577669114 0.0038660152349621 0.0038577297236770 0.0038363484200090 0.0038161349948496 0.0037888751830906 0.0037715085782111 0.0037501968909055 0.0037172248121351 0.0036776885390282 0.0036472959909588 0.0036129984073341 0.0035749268718064 0.0035332292318344 0.0034880689345300 0.0034396213013679 0.0033880718983710 0.0033336167689413 0.0032764561474323 0.0032103639096022 0.0031493622809649 0.0030861583072692 0.0030109174549580 0.0029452717863023 0.0028779814019799
0.0041933180764318 0.0041573024354875 0.0041255610994995 0.0041063246317208 0.0040838746353984 0.0040653035975993 0.0040502878837287 0.0040305322036147 0.0040224050171673 0.0040005138143897 0.0039904955774546 0.0039876420050859 0.0039910851046443 0.0039939275011420 0.0039958050474524 0.0039963675662875 0.0039952807128429 0.0039922310970724 0.0039763827808201 0.0039705671370029 0.0039616716094315 0.0039495490491390 0.0039174002595246 0.0039013326168060 0.0038813129067421 0.0038465438410640 0.0038203252479434 0.0037832683883607 0.0037501181941479 0.0037020980380476 0.0036627242807299 0.0036195714492351 0.0035728157963604 0.0035226473119110 0.0034692657645792 0.0034128788392991 0.0033537037670612 0.0032928707078099 0.0032299479935318 0.0031647575087845 0.0030975367408246 0.0030178192537278 0.0029486615676433
0.0043377671390772 0.0042970562353730 0.0042695077136159 0.0042392499744892 0.0042135468684137 0.0041921241208911 0.0041746250353754 0.0041606263257563 0.0041489307768643 0.0041155405342579 0.0041157035157084 0.0041067847050726 0.0041035413742065 0.0041061490774155 0.0041077439673245 0.0041079591028392 0.0041064447723329 0.0041028778068721 0.0040969578549266 0.0040790322236717 0.0040694521740079 0.0040564960800111 0.0040223156102002 0.0040053110569715 0.0039841844700277 0.0039589684456587 0.0039185765199363 0.0038800921756774 0.0038455459289253 0.0038069058209658 0.0037527163513005 0.0037080545444041 0.0036596418358386 0.0036152882967144 0.0035602925345302 0.0035021789371967 0.0034411761444062 0.0033708310220391 0.0033057283144444 0.0032383070793003 0.0031688138842583 0.0030974962282926 0.0030133556574583
0.0044868960976601 0.0044499584473670 0.0044108037836850 0.0043768435716629 0.0043478752486408 0.0043235956691206 0.0043036118149757 0.0042946054600179 0.0042825234122574 0.0042657917365432 0.0042345663532615 0.0042243460193276 0.0042267860844731 0.0042227786034346 0.0042241010814905 0.0042239590547979 0.0042219883762300 0.0042178556323051 0.0042112506926060 0.0041916635818779 0.0041813114657998 0.0041674212552607 0.0041498783975840 0.0041130422614515 0.0040906812064350 0.0040640654042363 0.0040332591161132 0.0039798803627491 0.0039438363164663 0.0039109233766794 0.0038669125642627 0.0038068394642323 0.0037570642307401 0.0037035965360701 0.0036466650199145 0.0035865085665137 0.0035233690869063 0.0034507084637880 0.0033833426423371 0.0033136031124741 0.0032417534384876 0.0031680499669164 0.0030927436891943
0.0046490877866745 0.0046000336296856 0.0045567392371595 0.0045191054232419 0.0044869044795632 0.0044598029926419 0.0044446331448853 0.0044271503575146 0.0044133290648460 0.0044025704264641 0.0043870653025806 0.0043580406345427 0.0043487981893122 0.0043503842316568 0.0043451264500618 0.0043446142226458 0.0043421555310488 0.0043374015949667 0.0043300404213369 0.0043197916820645 0.0042974604293704 0.0042825220152736 0.0042637623846531 0.0042247022502124 0.0042009647004306 0.0041728010401130 0.0041402895003557 0.0041039297357202 0.0040531964041293 0.0040115499868989 0.0039656721055508 0.0039157685823739 0.0038620543200523 0.0037941418122500 0.0037352056242526 0.0036729297135025 0.0036075760144740 0.0035325360950083 0.0034628207795322 0.0033906791359186 0.0033163861371577 0.0032402116339654 0.0031624187249690
0.0048081348650157 0.0047545349225402 0.0047071794979274 0.0046659549698234 0.0046306070871651 0.0046081081964076 0.0045841182582080 0.0045646796934307 0.0045491843484342 0.0045369826257229 0.0045194798149168 0.0045009576715529 0.0044756662100554 0.0044770753011107 0.0044772340916097 0.0044701336883008 0.0044671460054815 0.0044617108069360 0.0044535109773278 0.0044422643259168 0.0044180727563798 0.0044019585475326 0.0043818419799209 0.0043404335156083 0.0043225935660303 0.0042931940406561 0.0042592948302627 0.0042135901749134 0.0041721262969077 0.0041152085177600 0.0040673469193280 0.0040153218433261 0.0039593679830432 0.0038997274823487 0.0038259171415120 0.0037614500615746 0.0036938029807061 0.0036163222976029 0.0035441734362394 0.0034695442300290 0.0033927240874618 0.0033139938022941 0.0032336302101612
0.0049711544997990 0.0049131526611745 0.0048618870787323 0.0048238243907690 0.0047862455248833 0.0047546396963298 0.0047284951433539 0.0047072144225240 0.0046901400201023 0.0046765729784966 0.0046657905913889 0.0046495138667524 0.0046185664832592 0.0046088076196611 0.0046086823567748 0.0046006636694074 0.0045971041545272 0.0045909211039543 0.0045817922800779 0.0045694387517869 0.0045432653278112 0.0045258342288435 0.0045117083936930 0.0044786632061005 0.0044418950565159 0.0044106799177825 0.0043748044408858 0.0043268757872283 0.0042831772007048 0.0042351083829999 0.0041719465516508 0.0041176755912602 0.0040593575686216 0.0039972509257495 0.0039316220209002 0.0038520416710526 0.0037820269353688 0.0037090266123414 0.0036273815203458 0.0035501825623214 0.0034707514569163 0.0033893848303705 0.0033063685987145
0.0051376335322857 0.0050754612311721 0.0050205057486892 0.0049799876287580 0.0049396944232285 0.0049057672731578 0.0048776417970657 0.0048546753823757 0.0048361551016569 0.0048213284462690 0.0048094242811203 0.0047996644861996 0.0047723907046020 0.0047456524334848 0.0047452547587454 0.0047428398393095 0.0047320974990726 0.0047250930219889 0.0047149402089417 0.0047013610601425 0.0046915831044316 0.0046622091904283 0.0046394956298172 0.0046044969931245 0.0045653320848942 0.0045321229845285 0.0044940914958715 0.0044437800534070 0.0043976679444313 0.0043470733799040 0.0042922059074044 0.0042227907106280 0.0041619804687798 0.0040972838178277 0.0040289815515280 0.0039573586545885 0.0038721880409867 0.0037966598756611 0.0037123940419406 0.0036325454711914 0.0035504256375134 0.0034663444384933 0.0033806001301855
0.0053069246932864 0.0052408911287785 0.0051898853853345 0.0051399283111095 0.0050971964374185 0.0050611975602806 0.0050313221290708 0.0050068683922291 0.0049870703369379 0.0049711246974766 0.0049582035280764 0.0049474840052426 0.0049303481355309 0.0049168793484569 0.0049023730680346 0.0049001849256456 0.0048952517099679 0.0048814583569765 0.0048778750933707 0.0048637771978974 0.0048456918448210 0.0048140557482839 0.0047893929295242 0.0047519640065730 0.0047097890637815 0.0046738227829337 0.0046327686868608 0.0045791375450790 0.0045155179686844 0.0044622179120779 0.0044045564718544 0.0043427688069642 0.0042671435512602 0.0041997311636806 0.0041286344639957 0.0040541556663811 0.0039641852490604 0.0038860626518726 0.0037991215940565 0.0037165516987443 0.0036316709592938 0.0035448023118079 0.0034562577493489
0.0055042565800250 0.0054395850747824 0.0053766844794154 0.0053030853159726 0.0052582575008273 0.0052205002866685 0.0051891533657908 0.0051634586416185 0.0051425937563181 0.0051398407667875 0.0051272897981107 0.0051169353537261 0.0051079043187201 0.0050808736123145 0.0050535099580884 0.0050510303117335 0.0050455075688660 0.0050442889332771 0.0050267190672457 0.0050112996250391 0.0049916221760213 0.0049576335586607 0.0049309884198010 0.0048912074416876 0.0048461877740920 0.0048076831735671 0.0047638979740441 0.0047073266468942 0.0046547409147024 0.0045973905362189 0.0045355441980064 0.0044694752432406 0.0043746912851930 0.0043044430203736 0.0042304368689656 0.0041529894806445 0.0040724179707468 0.0039770947769284 0.0038874347228557 0.0038020790088922 0.0037143726367503 0.0036246534436941 0.0035332457628101
0.0056925388053060 0.0056177265942097 0.0055515537969768 0.0054938402026892 0.0054442100226879 0.0053830854594707 0.0053506009280682 0.0053388951346278 0.0053187967278063 0.0053027654066682 0.0052898474968970 0.0052790953777730 0.0052695865742862 0.0052403798326850 0.0052251946181059 0.0052151056006551 0.0052096592262387 0.0052005061879754 0.0051813554018736 0.0051645142957568 0.0051431162282825 0.0051066540181637 0.0050778421573341 0.0050437804311514 0.0049975602887571 0.0049462136812508 0.0048994603566825 0.0048397304490209 0.0047838720493019 0.0047231358475983 0.0046578110195696 0.0045881988480687 0.0045145992189646 0.0044266409240663 0.0043341796845198 0.0042536617256701 0.0041699823923409 0.0040834671817720 0.0039771595038474 0.0038889644201845 0.0037983777001500 0.0037057544104755 0.0036114312242717
0.0059189796447754 0.0058245477266610 0.0057538729161024 0.0056918626651168 0.0056381644681096 0.0055885510519147 0.0055535659193993 0.0055066971108317 0.0054865013808012 0.0054704048670828 0.0054573952220380 0.0054464722052217 0.0054366630502045 0.0054270527325571 0.0053970618173480 0.0053783734329045 0.0053724353201687 0.0053624194115400 0.0053480239585042 0.0053232549689710 0.0053000152111053 0.0052609685808420 0.0052298102527857 0.0051931282505393 0.0051439721137285 0.0050892736762762 0.0050393119454384 0.0049762018024921 0.0049168262630701 0.0048524588346481 0.0047834212891757 0.0047100349329412 0.0046326261945069 0.0045515182428062 0.0044572460465133 0.0043716621585190 0.0042690397240222 0.0041723893955350 0.0040811575017869 0.0039769955910742 0.0038834894075990 0.0037879205774516 0.0036906404420733
