MultiGPUParallelSpatialAdaptiveKDE/x64/Debug/seq.asc
ncols 100
nrows 100
xllcorner 0.000000
yllcorner 0.000000
cellsize 1.000000
NODATA_value -9999
[rows 57 to 75 of 100, columns 43 to 85 of 100]
0.0143954707309604 0.0143317906185985 0.0142741147428751 0.0142543362453580 0.0142732746899128 0.0143234888091683 0.0143579160794616 0.0144193787127733 0.0145266614854336 0.0146432854235172 0.0147986728698015 0.0149772781878710 0.0150980064645410 0.0152331814169884 0.0153915323317051 0.0155024249106646 0.0155553352087736 0.0155676761642098 0.0155498106032610 0.0154703920707107 0.0153418434783816 0.0151230255141854 0.0149102024734020 0.0146130686625838 0.0142885129898787 0.0139218382537365 0.0135067058727145 0.0130696389824152 0.0126249399036169 0.0121491383761168 0.0116808526217937 0.0111996997147799 0.0107288789004087 0.0103075355291367 0.0098648564890027 0.0094331270083785 0.0090147089213133 0.0085702482610941 0.0081952894106507 0.0078228563070297 0.0074517712928355 0.0071275220252573 0.0067786499857903
0.0137575641274452 0.0137184550985694 0.0136907640844584 0.0136919161304832 0.0137460073456168 0.0138033712282777 0.0138633735477924 0.0139954043552279 0.0141034759581089 0.0143024343997240 0.0145149640738964 0.0146599421277642 0.0148499179631472 0.0150708928704262 0.0152986319735646 0.0154527835547924 0.0155911771580577 0.0156632233411074 0.0156954415142536 0.0156758874654770 0.0156624726951122 0.0154964132234454 0.0153086474165320 0.0150609035044909 0.0147459572181106 0.0143976304680109 0.0139932967722416 0.0135716469958425 0.0130926696583629 0.0126640126109123 0.0121242860332131 0.0116576924920082 0.0111779179424047 0.0107115674763918 0.0102506512776017 0.0097985761240125 0.0093401847407222 0.0089184660464525 0.0084892977029085 0.0080948695540428 0.0077284281142056 0.0073787285946310 0.0070006363093853
0.0131227616220713 0.0130808074027300 0.0130577851086855 0.0130898570641875 0.0131543353199959 0.0132309477776289 0.0133387120440602 0.0135147627443075 0.0136922625824809 0.0139266680926085 0.0141576128080487 0.0144112948328257 0.0146446172147989 0.0149200344458222 0.0151797179132700 0.0154013438150287 0.0156023427844048 0.0157792773097754 0.0158871151506901 0.0159496087580919 0.0159108564257622 0.0158156696707010 0.0156693011522293 0.0154564576223493 0.0151695292443037 0.0148426312953234 0.0144839053973556 0.0140759609639645 0.0136064784601331 0.0131473811343312 0.0126456841826439 0.0121511854231358 0.0116152567788959 0.0111344903707504 0.0106561519205570 0.0101840589195490 0.0097049688920379 0.0092590954154730 0.0087908040732145 0.0083840684965253 0.0079924846068025 0.0076180370524526 0.0072449781000614
0.0124713433906436 0.0124416379258037 0.0124434744939208 0.0124801555648446 0.0126165207475424 0.0127114402130246 0.0128606166690588 0.0130481068044901 0.0132899414747953 0.0135541744530201 0.0137976584956050 0.0140748899430037 0.0144207552075386 0.0147615503519773 0.0150559404864907 0.0153591204434633 0.0156283434480429 0.0158566087484360 0.0160355307161808 0.0161440819501877 0.0161653291434050 0.0161208435893059 0.0160193014889956 0.0158448014408350 0.0156196467578411 0.0153235299512744 0.0149584012106061 0.0145634375512600 0.0141021497547626 0.0136375334113836 0.0131283551454544 0.0126366000622511 0.0121338721364737 0.0116263693198562 0.0110739050433040 0.0105829173699021 0.0100837852805853 0.0096023427322507 0.0091467760503292 0.0086864242330194 0.0082688592374325 0.0078686531633139 0.0074710161425173
0.0119008198380470 0.0119218304753304 0.0119494032114744 0.0120123866945505 0.0121250366792083 0.0122348479926586 0.0124091878533363 0.0126448739320040 0.0129193207249045 0.0132311172783375 0.0134895863011479 0.0138300405815244 0.0141922719776630 0.0145181138068438 0.0149390622973442 0.0153096765279770 0.0156508423388004 0.0159073583781719 0.0161362327635288 0.0162895172834396 0.0163913667201996 0.0164008252322674 0.0163474753499031 0.0162489674985409 0.0160362869501114 0.0157702770084143 0.0154495714232326 0.0150534352287650 0.0146220549941063 0.0141298985108733 0.0136532709002495 0.0131534878164530 0.0126382233574986 0.0121141970157623 0.0115872276946902 0.0110441017895937 0.0104800537228584 0.0099883945658803 0.0094857206568122 0.0089969746768475 0.0085531827062368 0.0081267300993204 0.0076884673908353
0.0113823367282748 0.0113912420347333 0.0114448852837086 0.0115108964964747 0.0116288559511304 0.0117654381319880 0.0119753275066614 0.0122301932424307 0.0125342039391398 0.0128643726930022 0.0131807737052441 0.0136050237342715 0.0139718065038323 0.0143819060176611 0.0148117551580071 0.0152466148138046 0.0155924782156944 0.0159433577209711 0.0161743909120560 0.0164151284843683 0.0165778137743473 0.0166442729532719 0.0167010333389044 0.0166245512664318 0.0164548121392727 0.0162243526428938 0.0159109551459551 0.0155372302979231 0.0151187842711806 0.0146350190043449 0.0141573343425989 0.0136512564495206 0.0131250144913793 0.0125858727842569 0.0120401959866285 0.0114650847390294 0.0109287276864052 0.0103590488433838 0.0098530631512403 0.0093355868011713 0.0088645126670599 0.0084103746339679 0.0079473508521914
0.0109293051064014 0.0109434602782130 0.0110026095062494 0.0110575221478939 0.0111858351156116 0.0113697787746787 0.0115993022918701 0.0118655301630497 0.0121625363826752 0.0125108854845166 0.0128683894872665 0.0132905906066298 0.0137771982699633 0.0142346527427435 0.0146808866411448 0.0150970630347729 0.0155391655862331 0.0158784538507462 0.0162292402237654 0.0165093913674355 0.0167675130069256 0.0169619414955378 0.0170316155999899 0.0169941168278456 0.0168868005275726 0.0166934672743082 0.0163906496018171 0.0160441417247057 0.0156331062316895 0.0151626477017999 0.0146894138306379 0.0141817275434732 0.0136482920497656 0.0130968829616904 0.0125029534101486 0.0119423381984234 0.0113808512687683 0.0108237387612462 0.0102356076240540 0.0096892453730106 0.0091897090896964 0.0086601702496409 0.0081897741183639
0.0105333002284169 0.0105875292792916 0.0106429681181908 0.0107142403721809 0.0108539471402764 0.0110534979030490 0.0112880365923047 0.0115504786372185 0.0118619725108147 0.0122170578688383 0.0125859742984176 0.0130753517150879 0.0135318944230676 0.0140098063275218 0.0145208751782775 0.0149697884917259 0.0153836756944656 0.0158614162355661 0.0163235384970903 0.0166783072054386 0.0169448032975197 0.0171569567173719 0.0172908604145050 0.0173118766397238 0.0172547660768032 0.0171003993600607 0.0168636608868837 0.0165583435446024 0.0161636136472225 0.0157144442200661 0.0152351167052984 0.0146680315956473 0.0141283255070448 0.0135535644367337 0.0129612199962139 0.0123807732015848 0.0117965713143349 0.0112143848091364 0.0106396023184061 0.0100130317732692 0.0094888294115663 0.0089474124833941 0.0084661114960909
0.0102180568501353 0.0102845551446080 0.0103348447009921 0.0104541890323162 0.0106451306492090 0.0108454963192344 0.0110367815941572 0.0112961716949940 0.0115991421043873 0.0119299190118909 0.0123909469693899 0.0128321275115013 0.0132893444970250 0.0137916617095470 0.0142945377156138 0.0148001434281468 0.0153546081855893 0.0158609524369240 0.0162834487855434 0.0167428106069565 0.0170518066734076 0.0173095781356096 0.0175626147538424 0.0176870692521334 0.0176972448825836 0.0175604894757271 0.0173762030899525 0.0170988850295544 0.0167236421257257 0.0162800569087267 0.0157978683710098 0.0152680166065693 0.0146897407248616 0.0139867020770907 0.0134022189304233 0.0128042064607143 0.0121994335204363 0.0115941660478711 0.0109943086281419 0.0103782322257757 0.0097652785480022 0.0092179356142879 0.0087108518928289
0.0100622074678540 0.0101107293739915 0.0102344984188676 0.0103273112326860 0.0105246547609568 0.0107037136331201 0.0109002524986863 0.0111294770613313 0.0114397751167417 0.0117939040064812 0.0121947517618537 0.0126145174726844 0.0130733707919717 0.0135515118017793 0.0141815999522805 0.0147324418649077 0.0152936521917582 0.0158189628273249 0.0163668133318424 0.0168141014873981 0.0172800030559301 0.0176597014069557 0.0179442074149847 0.0181005485355854 0.0181050561368465 0.0180876106023788 0.0179459601640701 0.0176797620952129 0.0173394531011581 0.0168980602174997 0.0164083391427994 0.0158053003251553 0.0152267031371593 0.0146007994189858 0.0139206647872925 0.0132946139201522 0.0126172564923763 0.0119887702167034 0.0113343335688114 0.0107049001380801 0.0100467987358570 0.0094783585518599 0.0089472550898790
0.0099509069696069 0.0100852176547050 0.0102180298417807 0.0103779705241323 0.0105478279292583 0.0106978053227067 0.0108714289963245 0.0111136278137565 0.0113839516416192 0.0117194307968020 0.0121253887191415 0.0126248998567462 0.0131006129086018 0.0136220259591937 0.0141715565696359 0.0147349052131176 0.0153169231489301 0.0159012321382761 0.0165707301348448 0.0170718152076006 0.0175569336861372 0.0179473087191582 0.0182525981217623 0.0184875316917896 0.0186317339539528 0.0186304990202188 0.0184473246335983 0.0182320177555084 0.0179060511291027 0.0174789838492870 0.0169581305235624 0.0163987632840872 0.0157733876258135 0.0150852426886559 0.0144338561221957 0.0137671176344156 0.0130532151088119 0.0123920496553183 0.0116781909018755 0.0110427821055055 0.0104012489318848 0.0097251506522298 0.0091577814891934
0.0100192818790674 0.0101681957021356 0.0103241428732872 0.0104845268651843 0.0106674311682582 0.0108507685363293 0.0110300779342651 0.0112237762659788 0.0115710021927953 0.0118765197694302 0.0122409490868449 0.0126302018761635 0.0131052704527974 0.0135835483670235 0.0141243543475866 0.0146909235045314 0.0153730502352118 0.0160540957003832 0.0166717618703842 0.0173217728734016 0.0178988501429558 0.0183720197528601 0.0186650026589632 0.0189096927642822 0.0191234219819307 0.0191772133111954 0.0190866366028786 0.0188791770488024 0.0184831339865923 0.0180617850273848 0.0175400767475367 0.0169399119913578 0.0163093265146017 0.0156400110572577 0.0149454912170768 0.0141897359862924 0.0134878894314170 0.0127463843673468 0.0120498258620501 0.0113368611782789 0.0106561910361052 0.0099789649248123 0.0094044385477901
0.0102072963491082 0.0104088587686419 0.0105955144390464 0.0107653168961406 0.0109699796885252 0.0111342631280422 0.0114666530862451 0.0116556845605373 0.0119634643197060 0.0121990321204066 0.0125075001269579 0.0128836892545223 0.0132665839046240 0.0137214623391628 0.0142392320558429 0.0149039644747972 0.0155217032879591 0.0161933209747076 0.0169364027678967 0.0176055002957582 0.0182805173099041 0.0188032891601324 0.0192838832736015 0.0195828136056662 0.0197744648903608 0.0198187232017517 0.0197819322347641 0.0195775069296360 0.0192387532442808 0.0187336709350348 0.0181881505995989 0.0175232216715813 0.0168573055416346 0.0161502324044704 0.0154175916686654 0.0146717522293329 0.0139223262667656 0.0131237506866455 0.0123665267601609 0.0116447042673826 0.0108967572450638 0.0102626420557499 0.0096030225977302
0.0105667337775230 0.0108280330896378 0.0110667822882533 0.0112375402823091 0.0115044275298715 0.0117770135402679 0.0119433850049973 0.0121465846896172 0.0123791582882404 0.0127067947760224 0.0129987569525838 0.0132626770064235 0.0136397434398532 0.0140447039157152 0.0146557111293077 0.0152711998671293 0.0159167721867561 0.0167120099067688 0.0174523312598467 0.0181022584438324 0.0188015755265951 0.0194004364311695 0.0199026782065630 0.0203351583331823 0.0205207858234644 0.0205946043133736 0.0205169171094894 0.0203329492360353 0.0199833828955889 0.0195039045065641 0.0188337806612253 0.0181840304285288 0.0174687933176756 0.0167105160653591 0.0158928185701370 0.0151044130325317 0.0143003910779953 0.0135215548798442 0.0126655558124185 0.0118879918009043 0.0111995544284582 0.0104737123474479 0.0097920522093773
0.0111399004235864 0.0114029012620449 0.0117055205628276 0.0119459386914968 0.0123082613572478 0.0124381622299552 0.0126219158992171 0.0128785120323300 0.0130895534530282 0.0133164059370756 0.0135868219658732 0.0138443466275930 0.0141451777890325 0.0146046951413155 0.0151261808350682 0.0157965980470181 0.0165398344397545 0.0172753594815731 0.0180336534976959 0.0187782663851976 0.0194833539426327 0.0201879870146513 0.0207164473831654 0.0211088787764311 0.0213626846671104 0.0215237997472286 0.0214344318956137 0.0211749877780676 0.0208046250045300 0.0202706288546324 0.0196245275437832 0.0188463032245636 0.0180758778005838 0.0172612052410841 0.0164235550910234 0.0155639462172985 0.0146916834637523 0.0138725275173783 0.0130702229216695 0.0121439006179571 0.0114254271611571 0.0107319345697761 0.0099744936451316
0.0118157761171460 0.0121731292456388 0.0124921156093478 0.0129042454063892 0.0130981868132949 0.0134107274934649 0.0135742407292128 0.0137718711048365 0.0139783881604671 0.0142363766208291 0.0144148999825120 0.0146551067009568 0.0150238117203116 0.0154788363724947 0.0159722641110420 0.0165983065962791 0.0173317920416594 0.0180703997612000 0.0188637375831604 0.0196713581681252 0.0204429160803556 0.0211574807763100 0.0217186491936445 0.0221644472330809 0.0224530696868896 0.0225309319794178 0.0224860887974501 0.0221817493438721 0.0216892305761576 0.0211259610950947 0.0204172059893608 0.0196215920150280 0.0187125504016876 0.0178323816508055 0.0169173702597618 0.0160175152122974 0.0151275964453816 0.0142278606072068 0.0133258476853371 0.0124968905001879 0.0116560449823737 0.0109400749206543 0.0102482289075851
0.0125275719910860 0.0129461521282792 0.0135420262813568 0.0139124738052487 0.0142934750765562 0.0145718399435282 0.0146981980651617 0.0148880667984486 0.0150753743946552 0.0152540747076273 0.0154667180031538 0.0157579537481070 0.0161761753261089 0.0165870711207390 0.0171240549534559 0.0177465565502644 0.0184376426041126 0.0192049834877253 0.0199697688221931 0.0208070557564497 0.0215940643101931 0.0223111286759377 0.0229506436735392 0.0233378950506449 0.0236703585833311 0.0237252172082663 0.0235946793109179 0.0232781991362572 0.0227361228317022 0.0220436975359917 0.0212615858763456 0.0203852970153093 0.0194248221814632 0.0184087697416544 0.0174405425786972 0.0164757724851370 0.0154937524348497 0.0145759182050824 0.0136728351935744 0.0127645898610353 0.0118698114529252 0.0111326118931174 0.0104147987440228
0.0134754749014974 0.0141249923035502 0.0146068921312690 0.0150734242051840 0.0154789211228490 0.0157971326261759 0.0160370264202356 0.0163020342588425 0.0164759289473295 0.0166790876537561 0.0168216694146395 0.0171106159687042 0.0175278168171644 0.0179745480418205 0.0184930600225925 0.0191656760871410 0.0198681131005287 0.0206077862530947 0.0214250255376101 0.0222300272434950 0.0229466408491135 0.0236917249858379 0.0243035405874252 0.0247735045850277 0.0249749328941107 0.0249704793095589 0.0248424932360649 0.0244239028543234 0.0238582845777273 0.0230666603893042 0.0221438221633434 0.0211632475256920 0.0201316345483065 0.0190037954598665 0.0179521981626749 0.0169036854058504 0.0158979725092649 0.0149091789498925 0.0139504782855511 0.0130652515217662 0.0121657261624932 0.0113036911934614 0.0105593353509903
0.0144203417003155 0.0151597531512380 0.0157572831958532 0.0162357371300459 0.0166970659047365 0.0171002112329006 0.0173832606524229 0.0177035387605429 0.0179719552397728 0.0182216428220272 0.0185360983014107 0.0188428834080696 0.0192861668765545 0.0197095684707165 0.0202830098569393 0.0208915527909994 0.0215925872325897 0.0223155263811350 0.0230885762721300 0.0238816794008017 0.0246276259422302 0.0252802148461342 0.0258179809898138 0.0262416321784258 0.0264130253344774 0.0263113547116518 0.0261209663003683 0.0256732404232025 0.0249618981033564 0.0240373630076647 0.0230140201747417 0.0219512190669775 0.0208261422812939 0.0196726266294718 0.0184673350304365 0.0173634570091963 0.0162751004099846 0.0152495931833982 0.0142446719110012 0.0133115304633975 0.0124136367812753 0.0114874420687556 0.0107011282816529
