MultiGPUParallelSpatialAdaptiveKDE/x64/Debug/seq.asc
ncols 100
nrows 100
xllcorner 0.000000
yllcorner 0.000000
cellsize 1.000000
NODATA_value -9999
[rows 19 to 37 of 100, columns 0 to 42 of 100]
0.0036255645100027 0.0038449543062598 0.0040718498639762 0.0043054972775280 0.0045449594035745 0.0047891060821712 0.0050415508449078 0.0052915988489985 0.0055418554693460 0.0057904375717044 0.0060352999716997 0.0062798499129713 0.0065115578472614 0.0067450692877173 0.0069565377198160 0.0071535003371537 0.0073337918147445 0.0074953846633434 0.0076364432461560 0.0077854674309492 0.0079109845682979 0.0079815294593573 0.0080518592149019 0.0080915577709675 0.0081029022112489 0.0080907773226500 0.0080560753121972 0.0080000450834632 0.0079301241785288 0.0078590326011181 0.0077648786827922 0.0076481383293867 0.0075287283398211 0.0073946728371084 0.0072421072982252 0.0071013350971043 0.0069674304686487 0.0068069151602685 0.0066737653687596 0.0065457001328468 0.0064241341315210 0.0063169822096825 0.0062124468386173
0.0037073926068842 0.0039344662800431 0.0041695083491504 0.0044117360375822 0.0046601737849414 0.0049136388115585 0.0051757474429905 0.0054356041364372 0.0056957849301398 0.0059543075039983 0.0062090163119137 0.0064633311703801 0.0067043569870293 0.0069482233375311 0.0071683111600578 0.0073732393793762 0.0075607271865010 0.0077729634940624 0.0079543665051460 0.0080883959308267 0.0081985378637910 0.0082966126501560 0.0083590634167194 0.0084010893478990 0.0084034446626902 0.0083912406116724 0.0083788493648171 0.0083439117297530 0.0082747712731361 0.0081811491400003 0.0080647384747863 0.0079441219568253 0.0078205345198512 0.0076808771118522 0.0075350455008447 0.0073714237660170 0.0072082220576704 0.0070636989548802 0.0069225714541972 0.0067866481840611 0.0066377534531057 0.0065268920734525 0.0064182551577687
0.0037846169434488 0.0040190294384956 0.0042618517763913 0.0045122713781893 0.0047692703083158 0.0050316178239882 0.0053029218688607 0.0055721029639244 0.0058417017571628 0.0061096372082829 0.0063736466690898 0.0066371518187225 0.0068991808220744 0.0071406494826078 0.0073913680389524 0.0076288967393339 0.0078291278332472 0.0080322278663516 0.0082035930827260 0.0083444314077497 0.0084604034200311 0.0085649462416768 0.0086314342916012 0.0087024094536901 0.0087188901379704 0.0087310485541821 0.0086998967453837 0.0086663160473108 0.0085922032594681 0.0085098436102271 0.0083997938781977 0.0082822218537331 0.0081454087048769 0.0079794516786933 0.0078279273584485 0.0076799211092293 0.0075235394760966 0.0073550739325583 0.0071826190687716 0.0070606754161417 0.0069103697314858 0.0067864647135139 0.0066523868590593
0.0038692129310220 0.0041105691343546 0.0043607074767351 0.0046187862753868 0.0048837475478649 0.0051543060690165 0.0054340590722859 0.0057000941596925 0.0059784990735352 0.0062552103772759 0.0065278606489301 0.0068211620673537 0.0070955101400614 0.0073479176498950 0.0076122907921672 0.0078391898423433 0.0080712093040347 0.0082639837637544 0.0084435306489468 0.0085913613438606 0.0087511725723743 0.0088529754430056 0.0089325355365872 0.0090045481920242 0.0090511878952384 0.0090508796274662 0.0090243751183152 0.0089787552133203 0.0089044496417046 0.0088125010952353 0.0087009537965059 0.0085813831537962 0.0084410412237048 0.0082899061962962 0.0081308539956808 0.0079553956165910 0.0078160557895899 0.0076566273346543 0.0074864118359983 0.0073435502126813 0.0072011225856841 0.0070442645810544 0.0069139539264143
0.0039382264949381 0.0041860556229949 0.0044430373236537 0.0047082998789847 0.0049807429313660 0.0052590286359191 0.0055467276833951 0.0058324527926743 0.0061186533421278 0.0064241685904562 0.0067078028805554 0.0069908276200294 0.0072975661605597 0.0075511056929827 0.0078029478900135 0.0080620665103197 0.0082841143012047 0.0084853908047080 0.0086976783350110 0.0088569987565279 0.0090047270059586 0.0091397417709231 0.0092507777735591 0.0093119265511632 0.0093449130654335 0.0093499422073364 0.0093276435509324 0.0092852972447872 0.0092249624431133 0.0091323750093579 0.0090272491797805 0.0088885650038719 0.0087455138564110 0.0086119240149856 0.0084590697661042 0.0082938000559807 0.0081257643178105 0.0079380311071873 0.0077755032107234 0.0076110172085464 0.0074626291170716 0.0073557728901505 0.0072301952168345
0.0040018181316555 0.0042556058615446 0.0045188772492111 0.0047907256521285 0.0050700097344816 0.0053553371690214 0.0056502418592572 0.0059432159177959 0.0062601896934211 0.0065559260547161 0.0068475841544569 0.0071760173887014 0.0074610542505980 0.0077349985949695 0.0080181779339910 0.0082782581448555 0.0085090445354581 0.0087346974760294 0.0089363986626267 0.0091437213122845 0.0092929191887379 0.0094367107376456 0.0095400586724281 0.0096098594367504 0.0096505647525191 0.0096622481942177 0.0096510984003544 0.0095971468836069 0.0095412824302912 0.0094507960602641 0.0093468884006143 0.0092382449656725 0.0090959109365940 0.0089312540367246 0.0087756467983127 0.0086059933528304 0.0084326453506947 0.0082584684714675 0.0081136133521795 0.0079301167279482 0.0077958209440112 0.0076768104918301 0.0075682983733714
0.0040597431361675 0.0043189292773604 0.0045878831297159 0.0048656645230949 0.0051510841585696 0.0054426994174719 0.0057652783580124 0.0060794316232204 0.0063841883093119 0.0066873901523650 0.0070226206444204 0.0073415720835328 0.0076254429295659 0.0079306550323963 0.0082054696977139 0.0085056694224477 0.0087518002837896 0.0090097412467003 0.0092181060463190 0.0094303507357836 0.0096016163006425 0.0097443796694279 0.0098539525642991 0.0099338451400399 0.0099835377186537 0.0099887391552329 0.0099846068769693 0.0099582131952047 0.0098790694028139 0.0097989169880748 0.0097130062058568 0.0095767583698034 0.0094343442469835 0.0092854518443346 0.0091187711805105 0.0089350920170546 0.0087790274992585 0.0086078792810440 0.0084319375455379 0.0083173234015703 0.0081582050770521 0.0080033065751195 0.0078749665990472
0.0041225799359381 0.0043869432993233 0.0046612727455795 0.0049445889890194 0.0052356543019414 0.0055553754791617 0.0058672861196101 0.0061891116201878 0.0065014711581171 0.0068375351838768 0.0071505331434309 0.0074954018928111 0.0078201787546277 0.0081336144357920 0.0084457080811262 0.0087217148393393 0.0090055214241147 0.0092565892264247 0.0094775222241879 0.0097006652504206 0.0098787434399128 0.0100342333316803 0.0101444302126765 0.0102366162464023 0.0102977473288774 0.0103275179862976 0.0103322276845574 0.0103139402344823 0.0102775422856212 0.0102049624547362 0.0100869871675968 0.0099624544382095 0.0098033407703042 0.0096738515421748 0.0094964252784848 0.0093210795894265 0.0091300765052438 0.0089925117790699 0.0088326204568148 0.0086814435198903 0.0085227089002728 0.0083524202927947 0.0082033379003406
0.0041708750650287 0.0044394829310477 0.0047182287089527 0.0050060926005244 0.0053356643766165 0.0056440159678459 0.0059628840535879 0.0062805358320475 0.0066239112056792 0.0069655110128224 0.0073161963373423 0.0076436838135123 0.0079822652041912 0.0083181690424681 0.0086210034787655 0.0089361546561122 0.0092120794579387 0.0094769150018692 0.0097465654835105 0.0099652698263526 0.0101580778136849 0.0103283403441310 0.0104643199592829 0.0105592142790556 0.0106213791295886 0.0106636183336377 0.0106796417385340 0.0106940409168601 0.0106493849307299 0.0105843907222152 0.0104860812425613 0.0103637054562569 0.0102508813142776 0.0100796138867736 0.0099097639322281 0.0097339879721403 0.0095754936337471 0.0093979630619287 0.0092284549027681 0.0090579614043236 0.0088937822729349 0.0087381685152650 0.0085929241031408
0.0042135203257203 0.0044857286848128 0.0047791143879294 0.0050950907170773 0.0054015209898353 0.0057152402587235 0.0060395877808332 0.0064045842736959 0.0067540402524173 0.0070890970528126 0.0074349567294121 0.0077933855354786 0.0081490855664015 0.0084754815325141 0.0088183237239718 0.0091252848505974 0.0094155184924603 0.0096953306347132 0.0099859200417995 0.0102214701473713 0.0104362796992064 0.0106189316138625 0.0107718287035823 0.0108933318406343 0.0109821399673820 0.0110431164503098 0.0110781304538250 0.0110762808471918 0.0110425679013133 0.0109868580475450 0.0109167955815792 0.0108028491958976 0.0106738042086363 0.0105177862569690 0.0103661324828863 0.0102022495120764 0.0100234718993306 0.0098412428051233 0.0096605271100998 0.0094633698463440 0.0092933010309935 0.0091313421726227 0.0089794993400574
0.0042612999677658 0.0045376969501376 0.0048472634516656 0.0051492741331458 0.0054603018797934 0.0057965307496488 0.0061445161700249 0.0065062711946666 0.0068488898687065 0.0071917343884706 0.0075463773682714 0.0079426830634475 0.0082889478653669 0.0086552249267697 0.0089898118749261 0.0093115214258432 0.0096172522753477 0.0099381739273667 0.0102271353825927 0.0104814348742366 0.0107155693694949 0.0109175732359290 0.0110896993428469 0.0112299583852291 0.0113366851583123 0.0114540066570044 0.0115106599405408 0.0115227792412043 0.0114971371367574 0.0114748990163207 0.0113973142579198 0.0113083068281412 0.0111852427944541 0.0110538853332400 0.0109026078134775 0.0107292598113418 0.0105732036754489 0.0103839058429003 0.0101634478196502 0.0099777383729815 0.0097716813907027 0.0095901880413294 0.0094140423461795
0.0042951051145792 0.0045959353446960 0.0048913117498159 0.0052137915045023 0.0055473693646491 0.0058752945624292 0.0062408535741270 0.0065875602886081 0.0069374735467136 0.0072879432700574 0.0076984525658190 0.0080659007653594 0.0084509551525116 0.0088091818615794 0.0091585954651237 0.0094961505383253 0.0098413443192840 0.0101749543100595 0.0104718068614602 0.0107468534260988 0.0110024670138955 0.0112261176109314 0.0114372735843062 0.0116002410650253 0.0117510501295328 0.0118720866739750 0.0119498670101166 0.0119972890242934 0.0120252761989832 0.0119920140132308 0.0119140716269612 0.0118142832070589 0.0117121059447527 0.0115656591951847 0.0114181125536561 0.0112756881862879 0.0110891899093986 0.0108948340639472 0.0106968050822616 0.0104990489780903 0.0102779027074575 0.0100856097415090 0.0099024968221784
0.0043239560909569 0.0046313516795635 0.0049622701480985 0.0052769682370126 0.0056015602312982 0.0059580821543932 0.0063099768012762 0.0066634160466492 0.0070204767398536 0.0073908981867135 0.0078060762025416 0.0082103088498116 0.0085877850651741 0.0089605757966638 0.0093257836997509 0.0096803493797779 0.0100477701053023 0.0104025891050696 0.0107212215662003 0.0110356695950031 0.0113169113174081 0.0115665122866631 0.0117862056940794 0.0120124090462923 0.0121718505397439 0.0123302955180407 0.0124211655929685 0.0124983182176948 0.0125255919992924 0.0125081576406956 0.0124537982046604 0.0123840169981122 0.0122694177553058 0.0121363410726190 0.0119940629228950 0.0118348821997643 0.0116451429203153 0.0114452894777060 0.0112398518249393 0.0110331568866968 0.0108291693031788 0.0106023717671633 0.0104086576029658
0.0043727345764637 0.0046961442567408 0.0050034574232996 0.0053222738206387 0.0056512397713959 0.0060164975002408 0.0063744694925845 0.0067345062270761 0.0070986212231219 0.0075260777957737 0.0079333717003465 0.0083306776359677 0.0087221404537559 0.0091103054583073 0.0094923032447696 0.0098886461928487 0.0102564152330160 0.0106506263837218 0.0109951617196202 0.0113250399008393 0.0116438753902912 0.0119223725050688 0.0121711315587163 0.0124304834753275 0.0126250758767128 0.0127892093732953 0.0129295280203223 0.0130101647228003 0.0130584100261331 0.0130585320293903 0.0130410883575678 0.0129759907722473 0.0128865996375680 0.0127401435747743 0.0126092480495572 0.0124336024746299 0.0122403893619776 0.0120345558971167 0.0118210297077894 0.0116045363247395 0.0113894511014223 0.0111796390265226 0.0109690781682730
0.0044322544708848 0.0047303200699389 0.0050412095151842 0.0053638853132725 0.0057209706865251 0.0060710296966136 0.0064349360764027 0.0068014790304005 0.0071966839022934 0.0076155588030815 0.0080382274463773 0.0084486091509461 0.0088546918705106 0.0092590181156993 0.0096587501466274 0.0100779812783003 0.0104861902073026 0.0108906589448452 0.0112610505893826 0.0116362767294049 0.0119697581976652 0.0122947981581092 0.0125996591523290 0.0128542901948094 0.0130790034309030 0.0132965333759785 0.0134450178593397 0.0135584753006697 0.0136220911517739 0.0136633748188615 0.0136441253125668 0.0135917942970991 0.0135139431804419 0.0134148988872766 0.0132573395967484 0.0130799058824778 0.0128723103553057 0.0126600442454219 0.0124377878382802 0.0122107127681375 0.0120036480948329 0.0117843467742205 0.0115732578560710
0.0044606341980398 0.0047617563977838 0.0050759958103299 0.0054023093543947 0.0057667931541800 0.0061222128570080 0.0064919474534690 0.0068649342283607 0.0072713010013103 0.0077272555790842 0.0081406617537141 0.0085645560175180 0.0089858239516616 0.0094070108607411 0.0098657188937068 0.0102887637913227 0.0107047948986292 0.0111522125080228 0.0115528376773000 0.0119420224800706 0.0123247094452381 0.0126885231584311 0.0130082126706839 0.0132956905290484 0.0135757643729448 0.0138062862679362 0.0139845144003630 0.0141253257170320 0.0142338089644909 0.0142790963873267 0.0142850531265140 0.0142580820247531 0.0141729535534978 0.0140906851738691 0.0139525895938277 0.0137617820873857 0.0135596729815006 0.0133293392136693 0.0130976950749755 0.0128689082339406 0.0126331811770797 0.0124010676518083 0.0121843321248889
0.0044868909753859 0.0047908672131598 0.0051082633435726 0.0054608434438705 0.0058098519220948 0.0061705186963081 0.0065459883771837 0.0069494680501521 0.0073649426922202 0.0078151579946280 0.0082409223541617 0.0086786570027471 0.0091155543923378 0.0095724454149604 0.0100393481552601 0.0104851024225354 0.0109439417719841 0.0114046521484852 0.0118511486798525 0.0122744292020798 0.0126739945262671 0.0130748562514782 0.0134291984140873 0.0137728182598948 0.0140695329755545 0.0143335713073611 0.0145429447293282 0.0147245274856687 0.0148628195747733 0.0149310156702995 0.0149560132995248 0.0149462623521686 0.0148893818259239 0.0148004787042737 0.0146530978381634 0.0144726522266865 0.0142533881589770 0.0140447374433279 0.0137958945706487 0.0135503318160772 0.0133021418005228 0.0130638498812914 0.0128260646015406
0.0045113861560822 0.0048180390149355 0.0051384204998612 0.0054969564080238 0.0058505288325250 0.0062163276597857 0.0065974341705441 0.0070106871426105 0.0074612945318222 0.0079006925225258 0.0083389487117529 0.0087907053530216 0.0092625673860312 0.0097439689561725 0.0102127045392990 0.0107006272301078 0.0111703751608729 0.0116765685379505 0.0121399741619825 0.0125957010313869 0.0130508905276656 0.0134679730981588 0.0138579355552793 0.0142410714179277 0.0145859606564045 0.0148853417485952 0.0151276327669621 0.0153500018641353 0.0154958041384816 0.0155869787558913 0.0156507119536400 0.0156385526061058 0.0156099470332265 0.0155144063755870 0.0153699340298772 0.0151885384693742 0.0149958189576864 0.0147522715851665 0.0145049719139934 0.0142474574968219 0.0139765292406082 0.0137257138267159 0.0134741971269250
0.0045344396494329 0.0048436061479151 0.0051668118685484 0.0055311163887382 0.0058891028165817 0.0062599014490843 0.0066419271752238 0.0070695271715522 0.0075333421118557 0.0079836538061500 0.0084504634141922 0.0089196534827352 0.0093922493979335 0.0098943077027798 0.0104037187993526 0.0109000308439136 0.0114135835319757 0.0119346864521503 0.0124291162937880 0.0129175735637546 0.0134097663685679 0.0138623816892505 0.0143248857930303 0.0147259831428528 0.0150954239070415 0.0154295060783625 0.0157245043665171 0.0159598123282194 0.0161325596272945 0.0162468031048775 0.0163320526480675 0.0163523908704519 0.0163276270031929 0.0162326712161303 0.0160912163555622 0.0159285273402929 0.0157168060541153 0.0154787292703986 0.0152098434045911 0.0149420266970992 0.0146763157099485 0.0143951084464788 0.0141303930431604
