MultiGPUParallelSpatialAdaptiveKDE/x64/Debug/seq.asc
ncols 100
nrows 100
xllcorner 0.000000
yllcorner 0.000000
cellsize 1.000000
NODATA_value -9999
[rows 76 to 94 of 100, columns 0 to 42 of 100]
0.0072713610716164 0.0075074229389429 0.0077109220437706 0.0078789712861180 0.0080264862626791 0.0081193335354328 0.0081928996369243 0.0082125598564744 0.0082123512402177 0.0081651592627168 0.0080870361998677 0.0079813934862614 0.0078708790242672 0.0077267703600228 0.0076317144557834 0.0074844248592854 0.0073366761207581 0.0071932063437998 0.0070583550259471 0.0069456961937249 0.0068397005088627 0.0067922044545412 0.0068176765926182 0.0068121687509120 0.0068914708681405 0.0069640306755900 0.0070696757175028 0.0072495019994676 0.0073493490926921 0.0076323044486344 0.0079119522124529 0.0082941753789783 0.0086364345625043 0.0090515837073326 0.0095456056296825 0.0100390873849392 0.0106766000390053 0.0112586971372366 0.0119009017944336 0.0125439306721091 0.0132528459653258 0.0140199894085526 0.0147006912156940
0.0077140838839114 0.0079608904197812 0.0081707639619708 0.0083405366167426 0.0084679024294019 0.0085551859810948 0.0086121335625648 0.0086127780377865 0.0085860667750239 0.0085262143984437 0.0084174145013094 0.0082781556993723 0.0081128710880876 0.0079771801829338 0.0078213177621365 0.0076370420865715 0.0074531477876008 0.0072750360704958 0.0071076545864344 0.0069553512148559 0.0068683396093547 0.0068109896965325 0.0068031237460673 0.0068403212353587 0.0068758521229029 0.0069624949246645 0.0070900567807257 0.0073007028549910 0.0074810534715652 0.0077658095397055 0.0081473318859935 0.0085481377318501 0.0089506041258574 0.0094279488548636 0.0100431358441710 0.0106347352266312 0.0112462798133492 0.0119328908622265 0.0126213524490595 0.0133797163143754 0.0141791477799416 0.0149011528119445 0.0156580638140440
0.0081796422600746 0.0084502361714840 0.0086673814803362 0.0088395401835442 0.0089642358943820 0.0090400651097298 0.0090704625472426 0.0090675558894873 0.0090043777599931 0.0088985897600651 0.0087737133726478 0.0085997423157096 0.0083974264562130 0.0082265976816416 0.0080337245017290 0.0078117763623595 0.0075911819003522 0.0073780147358775 0.0071778302080929 0.0070367753505707 0.0069262832403183 0.0068624420091510 0.0068607074208558 0.0068649719469249 0.0069177560508251 0.0070254700258374 0.0071777403354645 0.0074215293861926 0.0076850750483572 0.0079668331891298 0.0084024416282773 0.0088704992085695 0.0093684010207653 0.0099856192246079 0.0105857886373997 0.0112383672967553 0.0119178118184209 0.0126584982499480 0.0133912554010749 0.0142798786982894 0.0150678586214781 0.0158469639718533 0.0166442021727562
0.0086748003959656 0.0089710569009185 0.0091961985453963 0.0093712722882628 0.0094936378300190 0.0095618516206741 0.0095757422968745 0.0095401164144278 0.0094694653525949 0.0093364231288433 0.0091775441542268 0.0089688990265131 0.0087633682414889 0.0085103306919336 0.0082942079752684 0.0080344108864665 0.0077768727205694 0.0075283516198397 0.0073349438607693 0.0071344883181155 0.0070104598999023 0.0069374009035528 0.0069296695291996 0.0069362702779472 0.0070092747919261 0.0071364776231349 0.0073172077536583 0.0075973477214575 0.0079056452959776 0.0083200093358755 0.0087255695834756 0.0092537561431527 0.0099195046350360 0.0105280922725797 0.0112112173810601 0.0119378175586462 0.0126817068085074 0.0134342974051833 0.0143470438197255 0.0151623385027051 0.0159700121730566 0.0167647935450077 0.0176866687834263
0.0092113595455885 0.0095054870471358 0.0097377058118582 0.0099295005202293 0.0100497687235475 0.0101104760542512 0.0101115535944700 0.0100578460842371 0.0099614495411515 0.0098009435459971 0.0095943063497543 0.0093945432454348 0.0091280778869987 0.0088380202651024 0.0085669858381152 0.0082840342074633 0.0079896338284016 0.0077434098348022 0.0074893720448017 0.0073071648366749 0.0071667870506644 0.0070945136249065 0.0070450841449201 0.0070571810938418 0.0071345721371472 0.0072834654711187 0.0075056673958898 0.0078250234946609 0.0081815756857395 0.0086514493450522 0.0090931411832571 0.0098004192113876 0.0104678831994534 0.0111792534589767 0.0119060846045613 0.0126913888379931 0.0134888803586364 0.0143206911161542 0.0152468439191580 0.0160838197916746 0.0169004071503878 0.0176927074790001 0.0186515673995018
0.0097520584240556 0.0100569278001785 0.0103141767904162 0.0104948701336980 0.0106119774281979 0.0106640355661511 0.0106663396582007 0.0105912331491709 0.0104593178257346 0.0102847730740905 0.0100469766184688 0.0098008662462234 0.0095132468268275 0.0091865118592978 0.0088782580569386 0.0085403686389327 0.0082244304940104 0.0079520950093865 0.0077095497399569 0.0074707260355353 0.0073570949025452 0.0072434176690876 0.0071936291642487 0.0072136269882321 0.0073077175766230 0.0074781761504710 0.0077297142706811 0.0080803073942661 0.0084887687116861 0.0090215206146240 0.0097294291481376 0.0103344544768333 0.0110773518681526 0.0118621187284589 0.0126495156437159 0.0134915998205543 0.0143867656588554 0.0152208814397454 0.0161288566887379 0.0169939361512661 0.0178207214921713 0.0185914039611816 0.0195310711860657
0.0103178955614567 0.0106249870732427 0.0108846090734005 0.0110841970890760 0.0111996103078127 0.0112445186823606 0.0112191243097186 0.0111253159120679 0.0109665691852570 0.0107513004913926 0.0105106486007571 0.0102361971512437 0.0098967244848609 0.0095485523343086 0.0092034358531237 0.0088295359164476 0.0085019599646330 0.0081788366660476 0.0079168360680342 0.0076563293114305 0.0075378837063909 0.0074182515963912 0.0073701958172023 0.0073858788236976 0.0074997409246862 0.0076991920359433 0.0079840160906315 0.0083930566906929 0.0088537009432912 0.0095432354137301 0.0101981274783611 0.0109074544161558 0.0117303812876344 0.0125867836177349 0.0134363500401378 0.0143725043162704 0.0152761097997427 0.0161342509090900 0.0170679427683353 0.0178962349891663 0.0186889171600342 0.0195589661598206 0.0203668847680092
0.0108830835670233 0.0112045230343938 0.0114724682644010 0.0116582829505205 0.0117859821766615 0.0118236849084496 0.0117858722805977 0.0116747096180916 0.0114940637722611 0.0112493541091681 0.0109847113490105 0.0106621030718088 0.0102889975532889 0.0098886275663972 0.0095216473564506 0.0091490326449275 0.0087595554068685 0.0084325717762113 0.0081250779330730 0.0078451139852405 0.0077238888479769 0.0076006618328393 0.0075567518360913 0.0075993472710252 0.0077337035909295 0.0079626254737377 0.0082858540117741 0.0087042963132262 0.0093000922352076 0.0100183198228478 0.0107432510703802 0.0116077940911055 0.0124059990048409 0.0133310109376907 0.0142705691978335 0.0152396243065596 0.0161807816475630 0.0171085111796856 0.0179925709962845 0.0187977980822325 0.0195674281567335 0.0203737560659647 0.0211195778101683
0.0114373723044991 0.0117723736912012 0.0120479781180620 0.0122373383492231 0.0123469382524490 0.0123753286898136 0.0123402634635568 0.0122121013700962 0.0120101291686296 0.0117402561008930 0.0114479456096888 0.0110791679471731 0.0106751974672079 0.0102583039551973 0.0098398374393582 0.0094546405598521 0.0090355500578880 0.0086890393868089 0.0083428584039211 0.0080863460898399 0.0079361479729414 0.0078105940483510 0.0077718109823763 0.0078275501728058 0.0079834572970867 0.0082425046712160 0.0086043048650026 0.0090644201263785 0.0097773140296340 0.0105136148631573 0.0113162863999605 0.0122323315590620 0.0130902733653784 0.0140841789543629 0.0151261584833264 0.0160969533026218 0.0170626267790794 0.0179988164454699 0.0188709702342749 0.0196735188364983 0.0203824602067471 0.0211532469838858 0.0218175575137138
0.0119566116482019 0.0123172914609313 0.0125883873552084 0.0127918720245361 0.0128994565457106 0.0129209989681840 0.0128571838140488 0.0127107417210937 0.0125035494565964 0.0122403204441071 0.0118945222347975 0.0114978384226561 0.0110609373077750 0.0105986865237355 0.0101631712168455 0.0097375465556979 0.0093303304165602 0.0089412881061435 0.0085762171074748 0.0083104493096471 0.0081351744011045 0.0080243162810802 0.0079918792471290 0.0080615188926458 0.0082391873002052 0.0085279140621424 0.0089271161705256 0.0095283612608910 0.0102086924016476 0.0109674641862512 0.0118750175461173 0.0128512410447001 0.0138090169057250 0.0148131716996431 0.0159142464399338 0.0169093087315559 0.0179083310067654 0.0188717059791088 0.0197347849607468 0.0204958785325289 0.0211508944630623 0.0218305848538876 0.0224023107439280
0.0124586094170809 0.0128151075914502 0.0131055321544409 0.0133099490776658 0.0134150441735983 0.0134296389296651 0.0133545882999897 0.0131929013878107 0.0129496259614825 0.0126652540639043 0.0123101994395256 0.0118876509368420 0.0114237787202001 0.0109304478392005 0.0104919075965881 0.0100190043449402 0.0095935985445976 0.0091662853956223 0.0087999217212200 0.0085268812254071 0.0083469841629267 0.0082191769033670 0.0081915296614170 0.0082914959639311 0.0084901778027415 0.0088069625198841 0.0092409569770098 0.0099016251042485 0.0105966152623296 0.0114460941404104 0.0124075682833791 0.0133977029472589 0.0144938966259360 0.0155296167358756 0.0166408885270357 0.0176875442266464 0.0187043584883213 0.0196720547974110 0.0205228365957737 0.0212498996406794 0.0218516234308481 0.0224064849317074 0.0229566469788551
0.0129159158095717 0.0132820252329111 0.0135634690523148 0.0137545885518193 0.0138818165287375 0.0138894291594625 0.0138035826385021 0.0136275598779321 0.0133667597547174 0.0130648482590914 0.0126718152314425 0.0122246490791440 0.0117353051900864 0.0112324887886643 0.0107689248397946 0.0102606099098921 0.0098178442567587 0.0093891769647598 0.0089922528713942 0.0087115438655019 0.0085436394438148 0.0084177628159523 0.0083978371694684 0.0084927221760154 0.0087086465209723 0.0090672401711345 0.0095810210332274 0.0102477790787816 0.0109905991703272 0.0118800830096006 0.0128769688308239 0.0139203658327460 0.0150584597140551 0.0161535497754812 0.0173035897314548 0.0183781888335943 0.0194124728441238 0.0203653834760189 0.0212104339152575 0.0219112075865269 0.0224533025175333 0.0229539703577757 0.0234418325126171
0.0133177554234862 0.0136913983151317 0.0139769772067666 0.0141687681898475 0.0142758740112185 0.0142747471109033 0.0141930337995291 0.0140038253739476 0.0137271713465452 0.0134095801040530 0.0129974773153663 0.0125301145017147 0.0120199639350176 0.0114800417795777 0.0109744118526578 0.0105068339034915 0.0100139956921339 0.0095544280484319 0.0091853188350797 0.0088757118210196 0.0087026227265596 0.0085932947695255 0.0085805505514145 0.0086875678971410 0.0089047364890575 0.0092667359858751 0.0098621658980846 0.0105369379743934 0.0113203115761280 0.0122134182602167 0.0132529865950346 0.0143805891275406 0.0155078349635005 0.0167211722582579 0.0178569629788399 0.0189443845301867 0.0199916642159224 0.0208935607224703 0.0217670109122992 0.0224415492266417 0.0229560974985361 0.0233910251408815 0.0237345304340124
0.0136541323736310 0.0140330148860812 0.0143209611997008 0.0145122185349464 0.0146033028140664 0.0146069331094623 0.0144999464973807 0.0142973316833377 0.0140211796388030 0.0136900283396244 0.0132616944611073 0.0127773284912109 0.0122498404234648 0.0117322467267513 0.0111750671640038 0.0106934159994125 0.0101849529892206 0.0097189983353019 0.0093443263322115 0.0090142516419291 0.0088205412030220 0.0087127145379782 0.0087044900283217 0.0088197961449623 0.0090820128098130 0.0094603877514601 0.0100882891565561 0.0107722636312246 0.0115841552615166 0.0125086503103375 0.0135803818702698 0.0147385643795133 0.0159366689622402 0.0171664599329233 0.0182674601674080 0.0194074399769306 0.0204164050519466 0.0213186405599117 0.0221793185919523 0.0228359252214432 0.0233144257217646 0.0236973334103823 0.0239633489400148
0.0139127708971500 0.0142978513613343 0.0145863080397248 0.0147758172824979 0.0148629741743207 0.0148468203842640 0.0147437993437052 0.0145313162356615 0.0142581956461072 0.0138841057196259 0.0134565709158778 0.0129587333649397 0.0124177113175392 0.0118899438530207 0.0113213201984763 0.0108038159087300 0.0103119341656566 0.0098358485847712 0.0094572287052870 0.0091291638091207 0.0089331548660994 0.0088114505633712 0.0088067986071110 0.0089280158281326 0.0091972006484866 0.0096317809075117 0.0102353533729911 0.0109525704756379 0.0117835570126772 0.0127285234630108 0.0137656060978770 0.0149121526628733 0.0161692444235086 0.0173635464161634 0.0184996314346790 0.0196442659944296 0.0206837076693773 0.0215809829533100 0.0224200654774904 0.0230542682111263 0.0234871301800013 0.0238007772713900 0.0239714253693819
0.0140933329239488 0.0144751230254769 0.0147654591128230 0.0149520132690668 0.0150347650051117 0.0150129022076726 0.0149011565372348 0.0146805197000504 0.0143992714583874 0.0140160303562880 0.0135638639330864 0.0130552742630243 0.0125037562102079 0.0119835482910275 0.0114076063036919 0.0108863059431314 0.0103859985247254 0.0099064288660884 0.0095257796347141 0.0091940658167005 0.0089990561828017 0.0088792070746422 0.0088775996118784 0.0090027442201972 0.0092599596828222 0.0097480146214366 0.0103153139352798 0.0110221114009619 0.0118586272001266 0.0128012495115399 0.0138463079929352 0.0149655109271407 0.0162192266434431 0.0174608714878559 0.0185510292649269 0.0197146460413933 0.0207290966063738 0.0216173958033323 0.0224179793149233 0.0230264849960804 0.0234616156667471 0.0237050410360098 0.0238914638757706
0.0141831375658512 0.0145624885335565 0.0148460054770112 0.0150318816304207 0.0151130920276046 0.0150858871638775 0.0149554265663028 0.0147397974506021 0.0144525906071067 0.0140632260590792 0.0136051988229156 0.0130911478772759 0.0125346593558788 0.0119972657412291 0.0114175146445632 0.0108950901776552 0.0103895189240575 0.0099090235307813 0.0095275519415736 0.0092116091400385 0.0090104723349214 0.0088947545737028 0.0088937683030963 0.0090189445763826 0.0092751141637564 0.0097525827586651 0.0103104161098599 0.0110147977247834 0.0118472697213292 0.0127922147512436 0.0138280987739563 0.0149377314373851 0.0161220300942659 0.0173712689429522 0.0184428188949823 0.0195929501205683 0.0205898396670818 0.0214628931134939 0.0222038682550192 0.0228439066559076 0.0232598241418600 0.0234837420284748 0.0236361008137465
0.0141853047534823 0.0145598361268640 0.0148382773622870 0.0150152696296573 0.0150878364220262 0.0150591442361474 0.0149240912869573 0.0146941989660263 0.0144151505082846 0.0140228206291795 0.0135625749826431 0.0130470786243677 0.0124899148941040 0.0119540905579925 0.0113756973296404 0.0108562661334872 0.0103283720090985 0.0098721804097295 0.0094528701156378 0.0091638388112187 0.0089260395616293 0.0088402442634106 0.0088372007012367 0.0089540435001254 0.0092042554169893 0.0096916873008013 0.0102467741817236 0.0109366206452250 0.0117512689903378 0.0126753188669682 0.0136877885088325 0.0147722288966179 0.0159324109554291 0.0170599371194839 0.0182147286832333 0.0192212536931038 0.0202527847141027 0.0211033206433058 0.0218255985528231 0.0224360749125481 0.0228287149220705 0.0230468697845936 0.0231748297810555
0.0140833621844649 0.0144618228077888 0.0147334579378366 0.0149043090641499 0.0149715896695852 0.0149349933490157 0.0147967077791691 0.0145613262429833 0.0142826754599810 0.0138939535245299 0.0134351737797260 0.0129222758114338 0.0123687395825982 0.0118382209911942 0.0112653626129031 0.0107520483434200 0.0102307572960854 0.0097521292045712 0.0093544218689203 0.0090666878968477 0.0088315689936280 0.0087395478039980 0.0087324306368828 0.0088461264967918 0.0090878531336784 0.0095617072656751 0.0100967017933726 0.0107616558670998 0.0115466807037592 0.0124367661774158 0.0134116867557168 0.0144560113549232 0.0155757628381252 0.0166636519134045 0.0176825076341629 0.0187213998287916 0.0196745414286852 0.0204835720360279 0.0212235450744629 0.0217547211796045 0.0221817288547754 0.0223905816674232 0.0224549379199743
