MultiGPUParallelSpatialAdaptiveKDE/x64/Debug/seq.asc
ncols 100
nrows 100
xllcorner 0.000000
yllcorner 0.000000
cellsize 1.000000
NODATA_value -9999
[rows 19 to 37 of 100, columns 43 to 85 of 100]
0.0061170756816864 0.0060311746783555 0.0059428992681205 0.0058928118087351 0.0058386079035699 0.0057925847359002 0.0057540195994079 0.0057016978971660 0.0056759635917842 0.0056611914187670 0.0056666624732316 0.0056575112976134 0.0056489845737815 0.0056480462662876 0.0056094559840858 0.0056035364978015 0.0055826688185334 0.0055712331086397 0.0055546374060214 0.0055265258997679 0.0054997242987156 0.0054502435959876 0.0054044784046710 0.0053639593534172 0.0052948589436710 0.0052366224117577 0.0051832157187164 0.0051165069453418 0.0050533688627183 0.0049851317889988 0.0049121440388262 0.0048347562551498 0.0047533172182739 0.0046681761741638 0.0045686042867601 0.0044792857952416 0.0043868669308722 0.0042848666198552 0.0041749086230993 0.0040751001797616 0.0039789387956262 0.0038806805387139 0.0037806888576597
0.0063190162181854 0.0062295021489263 0.0061658681370318 0.0060869022272527 0.0060481759719551 0.0060021337121725 0.0059805656783283 0.0059504983946681 0.0059260949492455 0.0059062261134386 0.0058544813655317 0.0058537083677948 0.0058465534821153 0.0058386912569404 0.0058068544603884 0.0057921474799514 0.0057694278657436 0.0057569583877921 0.0057387687265873 0.0057146851904690 0.0056787282228470 0.0056432718411088 0.0055925971828401 0.0055470750667155 0.0054883100092411 0.0054071242921054 0.0053484351374209 0.0052603101357818 0.0051931748166680 0.0051208343356848 0.0050436686724424 0.0049620573408902 0.0048763779923320 0.0047869998961687 0.0046942853368819 0.0045886454172432 0.0045017227530479 0.0043963030911982 0.0042963172309101 0.0041942168027163 0.0040667508728802 0.0039655524305999 0.0038626075256616
0.0065650180913508 0.0064750276505947 0.0064134793356061 0.0063324421644211 0.0062940572388470 0.0062482506036758 0.0062100291252136 0.0061784340068698 0.0061523932963610 0.0061110393144190 0.0061018653213978 0.0060499887913465 0.0060439608059824 0.0060367574915290 0.0060150646604598 0.0059886542148888 0.0059641464613378 0.0059506343677640 0.0059307687915862 0.0059044086374342 0.0058715003542602 0.0058264662511647 0.0057718176394701 0.0057221902534366 0.0056589739397168 0.0055888509377837 0.0055235391482711 0.0054281027987599 0.0053546372801065 0.0052759158425033 0.0051775905303657 0.0050915470346808 0.0050014262087643 0.0049170223064721 0.0048203277401626 0.0047096172347665 0.0046096937730908 0.0045004393905401 0.0043965564109385 0.0042906287126243 0.0041830101981759 0.0040508192032576 0.0039449380710721
0.0068047423847020 0.0067149526439607 0.0066533326171339 0.0065861199982464 0.0065164742991328 0.0064701400697231 0.0064314394257963 0.0063993819057941 0.0063728587701917 0.0063583520241082 0.0063401008956134 0.0063237715512514 0.0062699709087610 0.0062420037575066 0.0062330816872418 0.0062013003043830 0.0061811809428036 0.0061522088944912 0.0061305966228247 0.0061018145643175 0.0060658585280180 0.0060168406926095 0.0059579396620393 0.0059038288891315 0.0058357678353786 0.0057603600434959 0.0056896647438407 0.0056053674779832 0.0055241663940251 0.0054213176481426 0.0053418483585119 0.0052492204122245 0.0051381550729275 0.0050402143970132 0.0049390243366361 0.0048349727876484 0.0047186748124659 0.0046054976992309 0.0044976202771068 0.0043877805583179 0.0042763384990394 0.0041523571126163 0.0040273535996675
0.0071092955768108 0.0070293522439897 0.0069300858303905 0.0068635493516922 0.0068062697537243 0.0067464732564986 0.0066876192577183 0.0066556422971189 0.0066365986131132 0.0066146217286587 0.0065953847952187 0.0065776049159467 0.0065600313246250 0.0065234079957008 0.0064876596443355 0.0064332163892686 0.0063925408758223 0.0063615273684263 0.0063381167128682 0.0063067786395550 0.0062675653025508 0.0062206224538386 0.0061508379876614 0.0060918456874788 0.0060185333713889 0.0059374291449785 0.0058608651161194 0.0057706255465746 0.0056926719844341 0.0056006023660302 0.0055039050057530 0.0053875758312643 0.0052856691181660 0.0051643666811287 0.0050585479475558 0.0049499506130815 0.0048282267525792 0.0047110528685153 0.0045991032384336 0.0044852858409286 0.0043699690140784 0.0042534964159131 0.0041262162849307
0.0074545694515109 0.0073521882295609 0.0072385347448289 0.0071224714629352 0.0070651555433869 0.0070037185214460 0.0069646458141506 0.0069392262957990 0.0069116656668484 0.0068876864388585 0.0068660126999021 0.0068256799131632 0.0068066683597863 0.0067862523719668 0.0067458515986800 0.0066832872107625 0.0066355471499264 0.0066004525870085 0.0065730269998312 0.0065190731547773 0.0064763971604407 0.0064252829179168 0.0063502844423056 0.0062860082834959 0.0062070214189589 0.0061197918839753 0.0060463468544185 0.0059502185322344 0.0058567454107106 0.0057580536231399 0.0056547815911472 0.0055475248955190 0.0054200924932957 0.0053092748858035 0.0051956577226520 0.0050650895573199 0.0049378410913050 0.0048166210763156 0.0047005442902446 0.0045827063731849 0.0044634840451181 0.0043432223610580 0.0042112022638321
0.0077573754824698 0.0076512009836733 0.0075567038729787 0.0074737472459674 0.0073387613520026 0.0072897891514003 0.0072444817051291 0.0072118248790503 0.0071836169809103 0.0071586123667657 0.0071355155669153 0.0071130166761577 0.0070898388512433 0.0070647671818733 0.0070175868459046 0.0069506950676441 0.0069044427946210 0.0068542025983334 0.0068017179146409 0.0067620356567204 0.0067129028029740 0.0066364584490657 0.0065623112022877 0.0064778118394315 0.0064103594049811 0.0063171433284879 0.0062279175035655 0.0061249197460711 0.0060243317857385 0.0059185191057622 0.0058081932365894 0.0056940182112157 0.0055765998549759 0.0054564909078181 0.0053195748478174 0.0051981736905873 0.0050596734508872 0.0049216574989259 0.0048014270141721 0.0046795536763966 0.0045564202591777 0.0044323764741421 0.0042956005781889
0.0080815944820642 0.0079712588340044 0.0078726848587394 0.0077857999131083 0.0077101378701627 0.0076108174398541 0.0075335651636124 0.0075005926191807 0.0074715977534652 0.0074453372508287 0.0074204993434250 0.0073957629501820 0.0073698274791241 0.0073414593935013 0.0073095234110951 0.0072321002371609 0.0071800407022238 0.0071148532442749 0.0070631946437061 0.0069953440688550 0.0069414838217199 0.0068776905536652 0.0068041901104152 0.0066932383924723 0.0066102640703321 0.0065101012587547 0.0064135310240090 0.0063031553290784 0.0061949267983437 0.0060814851894975 0.0059636263176799 0.0058420803397894 0.0057175112888217 0.0055905189365149 0.0054616266861558 0.0053163138218224 0.0051808743737638 0.0050255609676242 0.0049011800438166 0.0047752852551639 0.0046482668258250 0.0045204753987491 0.0043922252953053
0.0084294006228447 0.0083144176751375 0.0082112159579992 0.0081197991967201 0.0080473432317376 0.0079788016155362 0.0078778034076095 0.0078065847046673 0.0077766044996679 0.0077487807720900 0.0077218110673130 0.0076943589374423 0.0076651214621961 0.0076328502036631 0.0075963996350765 0.0075335754081607 0.0074722887948155 0.0074179442599416 0.0073153008706868 0.0072622802108526 0.0072077331133187 0.0071174753829837 0.0070285378023982 0.0069339671172202 0.0068340264260769 0.0067070215009153 0.0066025853157043 0.0064843152649701 0.0063679195009172 0.0062463404610753 0.0061204610392451 0.0059910933487117 0.0058589647524059 0.0057247197255492 0.0055889217182994 0.0054520517587662 0.0052927476353943 0.0051472657360137 0.0049991789273918 0.0048693139106035 0.0047384700737894 0.0046069994568825 0.0044752131216228
0.0088392719626427 0.0086824847385287 0.0085739968344569 0.0084847975522280 0.0084005566313863 0.0083271153271198 0.0082633551210165 0.0081781167536974 0.0080994917079806 0.0080697331577539 0.0080401496961713 0.0080094216391444 0.0079762414097786 0.0079393628984690 0.0078976368531585 0.0078288419172168 0.0077791130170226 0.0077049643732607 0.0076237958855927 0.0075272368267179 0.0074573634192348 0.0073765353299677 0.0072588957846165 0.0071564605459571 0.0070476271212101 0.0069280951283872 0.0067943329922855 0.0066676572896540 0.0065425746142864 0.0064123538322747 0.0062779793515801 0.0061403494328260 0.0060002589598298 0.0058584082871675 0.0057153943926096 0.0055717267096043 0.0054213437251747 0.0052636209875345 0.0051144142635167 0.0049610082060099 0.0048264348879457 0.0047027668915689 0.0045679518952966
0.0092654302716255 0.0090940725058317 0.0089623155072331 0.0088678617030382 0.0087777646258473 0.0086985779926181 0.0086484281346202 0.0085539650171995 0.0084626097232103 0.0084314802661538 0.0083995312452316 0.0083654457703233 0.0083279106765985 0.0082856826484203 0.0082376245409250 0.0081616267561913 0.0081036491319537 0.0080269221216440 0.0079366117715836 0.0078591527417302 0.0077359965071082 0.0076253311708570 0.0075160805135965 0.0073836222290993 0.0072714257985353 0.0071362894959748 0.0070023564621806 0.0068522919900715 0.0067180180922151 0.0065786689519882 0.0064353421330452 0.0062890276312828 0.0061405980959535 0.0059908083640039 0.0058402977883816 0.0056895958259702 0.0055328952148557 0.0053951591253281 0.0052228593267500 0.0050813523121178 0.0049243359826505 0.0047863386571407 0.0046483092010021
0.0097265923395753 0.0095803262665868 0.0094061419367790 0.0093159824609756 0.0092196203768253 0.0091176731511950 0.0090436488389969 0.0089779030531645 0.0088878283277154 0.0087965438142419 0.0087611014023423 0.0087225669994950 0.0086796609684825 0.0086311623454094 0.0085759609937668 0.0084921959787607 0.0084349215030670 0.0083589507266879 0.0082368785515428 0.0081492383033037 0.0080305021256208 0.0079253241419792 0.0077820103615522 0.0076355384662747 0.0074923685751855 0.0073468792252243 0.0072026127018034 0.0070598996244371 0.0068932250142097 0.0067442920990288 0.0065915868617594 0.0064361970871687 0.0062790815718472 0.0061210552230477 0.0059740236029029 0.0058167194947600 0.0056541864760220 0.0054995957762003 0.0053182132542133 0.0051722950302064 0.0050267106853426 0.0048668449744582 0.0047257961705327
0.0102365333586931 0.0100956531241536 0.0099541647359729 0.0097810095176101 0.0096753854304552 0.0095658386126161 0.0094828344881535 0.0094081247225404 0.0093124452978373 0.0092359539121389 0.0091422824189067 0.0090985894203186 0.0090494714677334 0.0089937578886747 0.0089303702116013 0.0088476818054914 0.0087715843692422 0.0086848512291908 0.0085486276075244 0.0084495460614562 0.0083381980657578 0.0081981876865029 0.0080609358847141 0.0078985663130879 0.0077273780480027 0.0075782518833876 0.0074034286662936 0.0072494093328714 0.0070899277925491 0.0069080782122910 0.0067456131801009 0.0065808091312647 0.0064262929372489 0.0062604974955320 0.0060950182378292 0.0059237428940833 0.0057614413090050 0.0056006703525782 0.0054305223748088 0.0052596330642700 0.0051100747659802 0.0049614086747169 0.0047998526133597
0.0107849426567554 0.0106176314875484 0.0104535855352879 0.0103009128943086 0.0101624364033341 0.0100427018478513 0.0099492454901338 0.0098492791876197 0.0097597036510706 0.0096698431298137 0.0095921875908971 0.0094930389896035 0.0094368429854512 0.0093822143971920 0.0093103302642703 0.0092088226228952 0.0091214962303638 0.0090227089822292 0.0089002717286348 0.0087591912597418 0.0086343931034207 0.0084670353680849 0.0083189085125923 0.0081691555678844 0.0079822884872556 0.0078023285605013 0.0076258787885308 0.0074568819254637 0.0072662830352783 0.0070913401432335 0.0069079711101949 0.0067342766560614 0.0065597733482718 0.0063854106701910 0.0062119551002979 0.0060336180031300 0.0058645298704505 0.0056975847110152 0.0055214674212039 0.0053618829697371 0.0051893149502575 0.0050371745601296 0.0048699104227126
0.0113813728094101 0.0111601157113910 0.0109945693984628 0.0108431363478303 0.0106638651341200 0.0105484100058675 0.0104271983727813 0.0103324195370078 0.0102439569309354 0.0101347602903843 0.0100396741181612 0.0099214743822813 0.0098501062020659 0.0097777824848890 0.0096955895423889 0.0095832673832774 0.0094834277406335 0.0093712545931339 0.0092347580939531 0.0090768709778786 0.0089372638612986 0.0087752621620893 0.0085892369970679 0.0084242084994912 0.0082404380664229 0.0080348644405603 0.0078301867470145 0.0076478295959532 0.0074725328013301 0.0072650737129152 0.0070773512125015 0.0068720579147339 0.0066883037798107 0.0065052774734795 0.0063237915746868 0.0061383857391775 0.0059625441208482 0.0057894983328879 0.0056075896136463 0.0054431864991784 0.0052812807261944 0.0051083988510072 0.0049546919763088
0.0119716394692659 0.0117721064016223 0.0115517657250166 0.0113879907876253 0.0112239047884941 0.0110637322068214 0.0109473858028650 0.0108392685651779 0.0107231261208653 0.0106163863092661 0.0104900067672133 0.0104148648679256 0.0102874832227826 0.0101869739592075 0.0100828362628818 0.0099691580981016 0.0098555218428373 0.0097286356613040 0.0095768244937062 0.0094007868319750 0.0092450138181448 0.0090668899938464 0.0088617885485291 0.0086803026497364 0.0084805116057396 0.0082762539386749 0.0080434698611498 0.0078480355441570 0.0076482309959829 0.0074459644965827 0.0072429012507200 0.0070242471992970 0.0068105822429061 0.0066188890486956 0.0064226887188852 0.0062370127998292 0.0060545317828655 0.0058755367062986 0.0057001723907888 0.0055190608836710 0.0053530787117779 0.0051744701340795 0.0050181285478175
0.0125987501814961 0.0123844482004642 0.0121569326147437 0.0119544360786676 0.0117920665070415 0.0116102071478963 0.0114715006202459 0.0113516896963120 0.0112378224730492 0.0111006395891309 0.0110066970810294 0.0108857266604900 0.0107468124479055 0.0106263030320406 0.0104782301932573 0.0103638926520944 0.0102352304384112 0.0100923534482718 0.0099240178242326 0.0097492635250092 0.0095553295686841 0.0093598412349820 0.0091565614566207 0.0089353341609240 0.0087298899888992 0.0085096089169383 0.0082721449434757 0.0080323154106736 0.0078184856101871 0.0076027917675674 0.0073870420455933 0.0071727549657226 0.0069252084940672 0.0067249611020088 0.0065212668851018 0.0063284225761890 0.0061532519757748 0.0059692091308534 0.0057894182391465 0.0056043146178126 0.0054349964484572 0.0052691143937409 0.0050928052514791
0.0132327722385526 0.0130042145028710 0.0127902710810304 0.0125762270763516 0.0123745277523994 0.0121857207268476 0.0120213553309441 0.0118784736841917 0.0117519823834300 0.0116259753704071 0.0114913517609239 0.0113546708598733 0.0112363351508975 0.0110584571957588 0.0109133925288916 0.0107640409842134 0.0106192296370864 0.0104591911658645 0.0102732144296169 0.0100795738399029 0.0098547702655196 0.0096432687714696 0.0094290887936950 0.0091891810297966 0.0089573254808784 0.0087270606309175 0.0084918569773436 0.0082302102819085 0.0079814223572612 0.0077520138584077 0.0075233671814203 0.0072971028275788 0.0070745213888586 0.0068365461193025 0.0066266087815166 0.0064278389327228 0.0062337093986571 0.0060444534756243 0.0058601279743016 0.0056710550561547 0.0054984111338854 0.0053297006525099 0.0051491227932274
0.0138753643259406 0.0136330025270581 0.0134051907807589 0.0131927439942956 0.0129808057099581 0.0127801205962896 0.0125843957066536 0.0124371303245425 0.0122840944677591 0.0121351536363363 0.0120018264278769 0.0118296155706048 0.0116963665932417 0.0115113900974393 0.0113352285698056 0.0111858248710632 0.0110202198848128 0.0108251757919788 0.0106205968186259 0.0104070482775569 0.0101617174223065 0.0099417874589562 0.0097084119915962 0.0094595905393362 0.0092090219259262 0.0089597972109914 0.0086835632100701 0.0084225060418248 0.0081349806860089 0.0078917257487774 0.0076848631724715 0.0074480725452304 0.0072157974354923 0.0069824727252126 0.0067104799672961 0.0065054856240749 0.0063058868981898 0.0061118882149458 0.0059235030785203 0.0057309987023473 0.0055554816499352 0.0053843897767365 0.0052174250595272
