MultiGPUParallelSpatialAdaptiveKDE/gpu.asc
ncols 100
nrows 100
xllcorner 0.000000
yllcorner 0.000000
cellsize 1.000000
NODATA_value -9999
[rows 57 to 75 of 100, columns 43 to 85 of 100]
0.0065271053463221 0.0064962003380060 0.0064661363139749 0.0064369798637927 0.0064087808132172 0.0063815726898611 0.0063553624786437 0.0063301492482424 0.0063059064559639 0.0062825968489051 0.0062601645477116 0.0062385355122387 0.0062081865034997 0.0061886496841908 0.0061695701442659 0.0061508263461292 0.0061322846449912 0.0061138006858528 0.0060952226631343 0.0060763908550143 0.0060571418143809 0.0060373032465577 0.0060167028568685 0.0059951636940241 0.0059725092723966 0.0059485626406968 0.0059231477789581 0.0058960923925042 0.0058672297745943 0.0058363946154714 0.0057978508993983 0.0057558626867831 0.0057133864611387 0.0056691518984735 0.0056162527762353 0.0055689308792353 0.0055239861831069 0.0054757394827902 0.0054241511970758 0.0053691947832704 0.0053108595311642 0.0052491445094347 0.0051796343177557
0.0065599037334323 0.0065297344699502 0.0065004229545593 0.0064720381051302 0.0064446246251464 0.0064182104542851 0.0063928035087883 0.0063683986663818 0.0063449647277594 0.0063224611803889 0.0063008274883032 0.0062705813907087 0.0062511847354472 0.0062323454767466 0.0062139476649463 0.0061958632431924 0.0061779557727277 0.0061600757762790 0.0061420714482665 0.0061237746849656 0.0061050211079419 0.0060856365598738 0.0060654436238110 0.0060442620888352 0.0060219126753509 0.0059982170350850 0.0059729949571192 0.0059460746124387 0.0059172841720283 0.0058864578604698 0.0058481339365244 0.0058133169077337 0.0057627656497061 0.0057181511074305 0.0056772818788886 0.0056171896867454 0.0055718449875712 0.0055231298319995 0.0054710055701435 0.0054154470562935 0.0053564431145787 0.0052939993329346 0.0052235969342291
0.0065902289934456 0.0065608560107648 0.0065323621965945 0.0065048099495471 0.0064782407134771 0.0064526777714491 0.0064281304366887 0.0064045875333250 0.0063820136711001 0.0063603669404984 0.0063302321359515 0.0063109514303505 0.0062923151999712 0.0062742196023464 0.0062565477564931 0.0062391636893153 0.0062219295650721 0.0062046940438449 0.0061872983351350 0.0061695757322013 0.0061513516120613 0.0061324527487159 0.0061126975342631 0.0060919024981558 0.0060698883607984 0.0060464697889984 0.0060214675031602 0.0059947045519948 0.0059660109691322 0.0059296162799001 0.0058971322141588 0.0058621899224818 0.0058109019882977 0.0057659316807985 0.0057248128578067 0.0056642750278115 0.0056185540743172 0.0055693890899420 0.0055167474783957 0.0054606045596302 0.0054009552113712 0.0053378008306026 0.0052665313705802
0.0066179689019918 0.0065894587896764 0.0065618408843875 0.0065351789817214 0.0065095121972263 0.0064848605543375 0.0064612254500389 0.0064385947771370 0.0064169350080192 0.0063869310542941 0.0063677411526442 0.0063492800109088 0.0063314517028630 0.0063141458667815 0.0062972400337458 0.0062806014902890 0.0062640826217830 0.0062475288286805 0.0062307780608535 0.0062136612832546 0.0061960034072399 0.0061776200309396 0.0061583328060806 0.0061379545368254 0.0061163008213043 0.0060931872576475 0.0060684308409691 0.0060418527573347 0.0060132797807455 0.0059772352688015 0.0059447139501572 0.0059096692129970 0.0058719641529024 0.0058123688213527 0.0057660387828946 0.0057169222272933 0.0056639863178134 0.0056143966503441 0.0055612591095269 0.0055045564658940 0.0054442784748971 0.0053804386407137 0.0053083286620677
0.0066430103033781 0.0066154198721051 0.0065887421369553 0.0065630292519927 0.0065383194014430 0.0065146316774189 0.0064919665455818 0.0064702993258834 0.0064404541626573 0.0064213429577649 0.0064030336216092 0.0063854414038360 0.0063684666529298 0.0063519929535687 0.0063358992338181 0.0063200430013239 0.0063042761757970 0.0062884413637221 0.0062723741866648 0.0062558948993683 0.0062388321384788 0.0062209996394813 0.0062022097408772 0.0061822771094739 0.0061610126867890 0.0061382311396301 0.0061137462034822 0.0060873781330884 0.0060533704236150 0.0060232742689550 0.0059907389804721 0.0059556183405221 0.0059177707880735 0.0058637810871005 0.0058110081590712 0.0057615973055363 0.0057080164551735 0.0056580216623843 0.0056044128723443 0.0055471719242632 0.0054862932302058 0.0054217898286879 0.0053488686680794
0.0066652330569923 0.0066386274993420 0.0066129434853792 0.0065882359631360 0.0065645407885313 0.0065418705344200 0.0065202224068344 0.0064905690960586 0.0064715309999883 0.0064533585682511 0.0064359791576862 0.0064193010330200 0.0064032231457531 0.0063876262865961 0.0063723833300173 0.0063573489896953 0.0063423733226955 0.0063272928819060 0.0063119390979409 0.0062961340881884 0.0062796995043755 0.0062624453566968 0.0062441821210086 0.0062247226014733 0.0062038768082857 0.0061814538203180 0.0061572664417326 0.0061252862215042 0.0060976073145866 0.0060675865970552 0.0060350629501045 0.0059998892247677 0.0059619271196425 0.0059097162447870 0.0058543826453388 0.0058047082275152 0.0057572131045163 0.0057001295499504 0.0056460737250745 0.0055883205495775 0.0055268658325076 0.0054617249406874 0.0053880261257291
0.0066845202818513 0.0066589540801942 0.0066343219950795 0.0066106771118939 0.0065880473703146 0.0065569449216127 0.0065370271913707 0.0065180701203644 0.0065000294707716 0.0064828461036086 0.0064664389938116 0.0064507215283811 0.0064355838112533 0.0064209061674774 0.0064065507613122 0.0063923746347427 0.0063782273791730 0.0063639339059591 0.0063493279740214 0.0063342279754579 0.0063184499740601 0.0063018035143614 0.0062840990722179 0.0062651410698891 0.0062447381205857 0.0062227002345026 0.0061988369561732 0.0061674504540861 0.0061399349942803 0.0061100153252482 0.0060775317251682 0.0060423347167671 0.0060042780824006 0.0059519982896745 0.0058960118331015 0.0058461101725698 0.0057982979342341 0.0057405778206885 0.0056861019693315 0.0056278626434505 0.0055658621713519 0.0055001131258905 0.0054306490346789
0.0067007490433753 0.0066762799397111 0.0066527547314763 0.0066302237100899 0.0065994313918054 0.0065795797854662 0.0065607181750238 0.0065428102388978 0.0065258145332336 0.0065096649341285 0.0064942785538733 0.0064795622602105 0.0064654052257538 0.0064516803249717 0.0064382525160909 0.0064249737188220 0.0064116828143597 0.0063982121646404 0.0063843862153590 0.0063700219616294 0.0063549308106303 0.0063389223068953 0.0063217994756997 0.0063033699989319 0.0062834387645125 0.0062618111260235 0.0062325443141162 0.0062075192108750 0.0061801960691810 0.0061504044570029 0.0061179855838418 0.0060827904380858 0.0060446718707681 0.0059923478402197 0.0059374580159783 0.0058856476098299 0.0058375457301736 0.0057792156003416 0.0057243495248258 0.0056656538508832 0.0056031337007880 0.0055368077009916 0.0054622711613774
0.0067138005979359 0.0066904798150063 0.0066681141033769 0.0066377068869770 0.0066179665736854 0.0065992223098874 0.0065814638510346 0.0065646548755467 0.0065487497486174 0.0065336762927473 0.0065193502232432 0.0065056760795414 0.0064925360493362 0.0064798044040799 0.0064673391170800 0.0064549869857728 0.0064425887539983 0.0064299707300961 0.0064169541001320 0.0064033521339297 0.0063889771699905 0.0063736326992512 0.0063571222126484 0.0063392459414899 0.0063198124989867 0.0062986221164465 0.0062700747512281 0.0062453281134367 0.0062182224355638 0.0061885886825621 0.0061562624759972 0.0061210943385959 0.0060780374333262 0.0060372701846063 0.0059754783287644 0.0059231631457806 0.0058747995644808 0.0058226613327861 0.0057606617920101 0.0057015409693122 0.0056385356001556 0.0055716652423143 0.0054965890012681
0.0067161456681788 0.0066920551471412 0.0066714975982904 0.0066519156098366 0.0066333296708763 0.0066157411783934 0.0065991342999041 0.0065834694541991 0.0065686930902302 0.0065547390840948 0.0065415129065514 0.0065289172343910 0.0065168309956789 0.0065051265992224 0.0064936541020870 0.0064822630956769 0.0064707859419286 0.0064590489491820 0.0064468705095351 0.0064340615645051 0.0064204270020127 0.0064057726413012 0.0063898973166943 0.0063726045191288 0.0063536907546222 0.0063273464329541 0.0063051464967430 0.0062807067297399 0.0062538459897041 0.0062243957072496 0.0061921887099743 0.0061570764519274 0.0061142588965595 0.0060733985155821 0.0060112858191133 0.0059584924019873 0.0059098983183503 0.0058574653230608 0.0057948813773692 0.0057353689335287 0.0056719118729234 0.0056045288220048 0.0055289585143328
0.0067139966413379 0.0066930833272636 0.0066811591386795 0.0066627780906856 0.0066453935578465 0.0066290055401623 0.0066135912202299 0.0065991105511785 0.0065855081193149 0.0065727075561881 0.0065606199204922 0.0065491376444697 0.0065381391905248 0.0065274885855615 0.0065170433372259 0.0065066413953900 0.0064961151219904 0.0064852857030928 0.0064739705994725 0.0064619784243405 0.0064491122029722 0.0064351726323366 0.0064199585467577 0.0064032701775432 0.0063790888525546 0.0063593960367143 0.0063375895842910 0.0063134809024632 0.0062868939712644 0.0062576532363892 0.0062255947850645 0.0061856545507908 0.0061480132862926 0.0061070863157511 0.0060510868206620 0.0059989029541612 0.0059426752850413 0.0058899782598019 0.0058268457651138 0.0057669780217111 0.0057031023316085 0.0056352489627898 0.0055592232383788
0.0067182015627623 0.0066985753364861 0.0066798604093492 0.0066701681353152 0.0066540315747261 0.0066388840787113 0.0066247023642063 0.0066114459186792 0.0065990509465337 0.0065874406136572 0.0065765217877924 0.0065661845728755 0.0065563023090363 0.0065467399545014 0.0065373471006751 0.0065279616974294 0.0065184100531042 0.0065085161477327 0.0064980890601873 0.0064869383350015 0.0064748632721603 0.0064616603776813 0.0064471317455173 0.0064310701563954 0.0064078308641911 0.0063886153511703 0.0063672261312604 0.0063434760086238 0.0063171875663102 0.0062881852500141 0.0062563028186560 0.0062167379073799 0.0061791203916073 0.0061381598934531 0.0060820309445262 0.0060296324081719 0.0059729609638453 0.0059200352989137 0.0058631198480725 0.0057962024584413 0.0057319486513734 0.0056636603549123 0.0055872299708426
0.0067186499945819 0.0067003518342972 0.0066829752177000 0.0066665424965322 0.0066591151989996 0.0066452473402023 0.0066323359496891 0.0066203381866217 0.0066091842018068 0.0065987962298095 0.0065890769474208 0.0065799122676253 0.0065711755305529 0.0065627265721560 0.0065544093959033 0.0065460642799735 0.0065375128760934 0.0065285749733448 0.0065190587192774 0.0065087694674730 0.0064975069835782 0.0064850663766265 0.0064712446182966 0.0064502246677876 0.0064335428178310 0.0064148232340813 0.0063938782550395 0.0063705146312714 0.0063445502892137 0.0063158115372062 0.0062792501412332 0.0062449658289552 0.0062074074521661 0.0061664455570281 0.0061102383770049 0.0060576633550227 0.0060005835257471 0.0059474641457200 0.0058902981691062 0.0058228773996234 0.0057582841254771 0.0056896060705185 0.0056128147989511
0.0067152348347008 0.0066983057186007 0.0066822995431721 0.0066672437824309 0.0066531398333609 0.0066479714587331 0.0066363643854856 0.0066256523132324 0.0066157714463770 0.0066066328436136 0.0065981373190880 0.0065901717171073 0.0065826051868498 0.0065752910450101 0.0065680746920407 0.0065607903525233 0.0065532596781850 0.0065452991984785 0.0065367138013244 0.0065273079089820 0.0065168756991625 0.0065052174031734 0.0064863609150052 0.0064721489325166 0.0064560445025563 0.0064378506503999 0.0064173727296293 0.0063944179564714 0.0063688051886857 0.0063352463766932 0.0063043027184904 0.0062701655551791 0.0062326947227120 0.0061917672865093 0.0061355279758573 0.0060828230343759 0.0060327481478453 0.0059720943681896 0.0059147165156901 0.0058468356728554 0.0057819476351142 0.0057084448635578 0.0056358198635280
0.0067078573629260 0.0066923294216394 0.0066777300089598 0.0066640768200159 0.0066513768397272 0.0066396100446582 0.0066366568207741 0.0066272607073188 0.0066186753101647 0.0066108112223446 0.0066035673953593 0.0065968227572739 0.0065904445946217 0.0065842838957906 0.0065781893208623 0.0065719857811928 0.0065654926002026 0.0065585253760219 0.0065508894622326 0.0065423846244812 0.0065328045748174 0.0065219439566135 0.0065042250789702 0.0064906664192677 0.0064751640893519 0.0064575187861919 0.0064375298097730 0.0064150108955801 0.0063897748477757 0.0063568269833922 0.0063261166214943 0.0062921568751335 0.0062548071146011 0.0062139448709786 0.0061577269807458 0.0061049326322973 0.0060547660104930 0.0059937564656138 0.0059362058527768 0.0058679133653641 0.0058027692139149 0.0057290685363114 0.0056560812518001
0.0066964202560484 0.0066823256202042 0.0066691576503217 0.0066569373011589 0.0066456627100706 0.0066353171132505 0.0066258562728763 0.0066250353120267 0.0066177695989609 0.0066112009808421 0.0066052242182195 0.0065997191704810 0.0065945475362241 0.0065895626321435 0.0065846014767885 0.0065794922411442 0.0065740542486310 0.0065680993720889 0.0065614269115031 0.0065538366325200 0.0065451241098344 0.0065295910462737 0.0065184948034585 0.0065056104212999 0.0064907311461866 0.0064736516214907 0.0064541776664555 0.0064321155659854 0.0064022582955658 0.0063749626278877 0.0063445153646171 0.0063107623718679 0.0062735672108829 0.0062328050844371 0.0061766617000103 0.0061238254420459 0.0060736038722098 0.0060122786089778 0.0059545957483351 0.0058927042409778 0.0058205877430737 0.0057467389851809 0.0056655812077224
0.0066808355040848 0.0066681988537312 0.0066564898006618 0.0066457209177315 0.0066358949989080 0.0066269850358367 0.0066189477220178 0.0066117276437581 0.0066129290498793 0.0066076712682843 0.0066029801964760 0.0065987287089229 0.0065947785042226 0.0065909805707633 0.0065871677361429 0.0065831672400236 0.0065787956118584 0.0065738623961806 0.0065681664273143 0.0065615056082606 0.0065480805933475 0.0065393601544201 0.0065290071070194 0.0065168142318726 0.0065025743097067 0.0064860852435231 0.0064671444706619 0.0064455638639629 0.0064164372161031 0.0063894847407937 0.0063593261875212 0.0063258125446737 0.0062888031825423 0.0062425076030195 0.0061987792141736 0.0061393254436553 0.0060890885069966 0.0060274940915406 0.0059697236865759 0.0059076966717839 0.0058297738432884 0.0057523096911609 0.0056752199307084
0.0066610253416002 0.0066498634405434 0.0066396305337548 0.0066303350031376 0.0066219707950950 0.0066145122982562 0.0066079134121537 0.0066021112725139 0.0065970276482403 0.0065925647504628 0.0065967063419521 0.0065937214531004 0.0065910043194890 0.0065883998759091 0.0065857437439263 0.0065828640945256 0.0065795686095953 0.0065756672993302 0.0065709594637156 0.0065595558844507 0.0065531115978956 0.0065451948903501 0.0065355994738638 0.0065241158008575 0.0065105343237519 0.0064946506172419 0.0064762667752802 0.0064502921886742 0.0064268028363585 0.0064002196304500 0.0063703805208206 0.0063371346332133 0.0063003473915160 0.0062543386593461 0.0062107159756124 0.0061512691900134 0.0061010541394353 0.0060411887243390 0.0059761558659375 0.0059142308309674 0.0058378661051393 0.0057644145563245 0.0056872027926147
0.0066369115374982 0.0066272458061576 0.0066185030154884 0.0066106934100389 0.0066038025543094 0.0065978053025901 0.0065926513634622 0.0065882774069905 0.0065845986828208 0.0065815174020827 0.0065789166837931 0.0065845730714500 0.0065830941312015 0.0065816929563880 0.0065802033059299 0.0065784463658929 0.0065762340091169 0.0065733725205064 0.0065639019012451 0.0065596234053373 0.0065540415234864 0.0065469443798065 0.0065381191670895 0.0065273586660624 0.0065144505351782 0.0064991917461157 0.0064763207919896 0.0064562419429421 0.0064331945031881 0.0064070066437125 0.0063775172457099 0.0063445731066167 0.0063080354593694 0.0062568243592978 0.0062135071493685 0.0061542862094939 0.0061042997986078 0.0060500837862492 0.0059848395176232 0.0059189703315496 0.0058421180583537 0.0057730311527848 0.0056881434284151
