MultiGPUParallelSpatialAdaptiveKDE/gpu.asc
ncols 100
nrows 100
xllcorner 0.000000
yllcorner 0.000000
cellsize 1.000000
NODATA_value -9999
[rows 19 to 37 of 100, columns 43 to 85 of 100]
0.0040753413923085 0.0040535237640142 0.0040316246449947 0.0040097101591527 0.0039878338575363 0.0039660464972258 0.0039443904533982 0.0039165597409010 0.0038957337383181 0.0038750991225243 0.0038484770338982 0.0038287462666631 0.0038092047907412 0.0037898500449955 0.0037706731818616 0.0037516579031944 0.0037278668023646 0.0037044454365969 0.0036813397891819 0.0036631729453802 0.0036450142506510 0.0036219723988324 0.0036040740087628 0.0035808414686471 0.0035630313213915 0.0035448854323477 0.0035263395402580 0.0035073300823569 0.0034877920988947 0.0034676573704928 0.0034468602389097 0.0034253292251378 0.0034029963426292 0.0033797961659729 0.0033429502509534 0.0033153977710754 0.0032828401308507 0.0032479942310601 0.0032134116627276 0.0031874056439847 0.0031597660854459 0.0031304790172726 0.0030995311681181
0.0041585331782699 0.0041360226459801 0.0041134357452393 0.0040908399969339 0.0040682926774025 0.0040458454750478 0.0040235430933535 0.0040014223195612 0.0039730863645673 0.0039518936537206 0.0039309235289693 0.0039039573166519 0.0038839457556605 0.0038641332648695 0.0038445107638836 0.0038250631187111 0.0038057679776102 0.0037865987978876 0.0037675227504224 0.0037484995555133 0.0037247068248689 0.0036963222082704 0.0036728817503899 0.0036490277852863 0.0036309589631855 0.0036125441547483 0.0035937214270234 0.0035744232591242 0.0035545818973333 0.0035341288894415 0.0035129918251187 0.0034911031834781 0.0034683900885284 0.0034354249946773 0.0034074934665114 0.0033792064059526 0.0033541196025908 0.0033145116176456 0.0032790564000607 0.0032482775859535 0.0032201204448938 0.0031902694609016 0.0031587132252753
0.0042407750152051 0.0042175729759037 0.0041943006217480 0.0041710264049470 0.0041478122584522 0.0041247098706663 0.0041017662733793 0.0040790187194943 0.0040564998053014 0.0040277400985360 0.0040062377229333 0.0039849826134741 0.0039577363058925 0.0039374777115881 0.0039174230769277 0.0038975551724434 0.0038778509479016 0.0038582826964557 0.0038388159591705 0.0038194109220058 0.0038060538936406 0.0037867298815399 0.0037673087790608 0.0037382286973298 0.0037042710464448 0.0036856688093394 0.0036666383966804 0.0036471099592745 0.0036270134150982 0.0036062765866518 0.0035848286934197 0.0035625942982733 0.0035395033191890 0.0035063824616373 0.0034823552705348 0.0034530013799667 0.0034230707678944 0.0033864409197122 0.0033513396047056 0.0033220732584596 0.0032933736220002 0.0032629137858748 0.0032306828070432
0.0043289703316987 0.0042981035076082 0.0042741489596665 0.0042502013966441 0.0042263236828148 0.0042025735601783 0.0041789943352342 0.0041556288488209 0.0041325083002448 0.0041096569038928 0.0040805530734360 0.0040587917901576 0.0040372973307967 0.0040098279714584 0.0039893551729620 0.0039751781150699 0.0039552263915539 0.0039354139007628 0.0039157033897936 0.0039019812829792 0.0038823960348964 0.0038627632893622 0.0038430250715464 0.0038231220096350 0.0037926398217678 0.0037683662958443 0.0037440361920744 0.0037191112060100 0.0036987152416259 0.0036776508204639 0.0036558429710567 0.0036407497245818 0.0036115143448114 0.0035784016363323 0.0035615437664092 0.0035317039582878 0.0035054206382483 0.0034683011472225 0.0034324524458498 0.0033949404023588 0.0033615031279624 0.0033305101096630 0.0032976840157062
0.0044098538346589 0.0043848617933691 0.0043598245829344 0.0043282983824611 0.0043037664145231 0.0042793718166649 0.0042551676742733 0.0042311926372349 0.0042074788361788 0.0041840537451208 0.0041609308682382 0.0041376710869372 0.0041218996047974 0.0041005043312907 0.0040731509216130 0.0040527582168579 0.0040325345471501 0.0040124505758286 0.0039924681186676 0.0039725406095386 0.0039526224136353 0.0039326562546194 0.0039125843904912 0.0038923432584852 0.0038718644063920 0.0038410378620028 0.0038283022586256 0.0038077502977103 0.0037848569918424 0.0037636545021087 0.0037368074990809 0.0037141733337194 0.0036906006280333 0.0036574464756995 0.0036327019333839 0.0036067019682378 0.0035752430558205 0.0035413133446127 0.0035044383257627 0.0034560170024633 0.0034218672662973 0.0033903140574694 0.0033568770159036
0.0044896467588842 0.0044639296829700 0.0044381790794432 0.0044124708510935 0.0043868720531464 0.0043550478294492 0.0043302262201905 0.0043116374872625 0.0042936969548464 0.0042700842022896 0.0042467876337469 0.0042238128371537 0.0041945884004235 0.0041727819480002 0.0041512413881719 0.0041237766854465 0.0041032186709344 0.0040828045457602 0.0040624975226820 0.0040422491729259 0.0040220101363957 0.0040017245337367 0.0039813299663365 0.0039684246294200 0.0039554517716169 0.0039291242137551 0.0039040024857968 0.0038833741564304 0.0038621057756245 0.0038401167839766 0.0038080960512161 0.0037849389482290 0.0037465691566467 0.0037226262502372 0.0036974605172873 0.0036710058338940 0.0036388474982232 0.0036044013686478 0.0035708234645426 0.0035229586064816 0.0034921483602375 0.0034556882455945 0.0034214840270579
0.0045760176144540 0.0045418497174978 0.0045153889805079 0.0044949115253985 0.0044688312336802 0.0044491067528725 0.0044170562177896 0.0043923286721110 0.0043678930960596 0.0043437741696835 0.0043199881911278 0.0042965412139893 0.0042734346352518 0.0042441007681191 0.0042221797630191 0.0042005148716271 0.0041729696094990 0.0041522444225848 0.0041316295973957 0.0041110767051578 0.0041057146154344 0.0040856730192900 0.0040655154734850 0.0040451698005199 0.0040245638228953 0.0040036207064986 0.0039768707938492 0.0039510233327746 0.0039294818416238 0.0039071952924132 0.0038840835914016 0.0038600664120167 0.0038169384934008 0.0037923611234874 0.0037665320560336 0.0037346270401031 0.0037063346244395 0.0036668214015663 0.0036366321146488 0.0035919991787523 0.0035519867669791 0.0035147671587765 0.0034799356944859
0.0046602217480540 0.0046328101307154 0.0046114679425955 0.0045772735029459 0.0045508174225688 0.0045245601795614 0.0044985562562943 0.0044728480279446 0.0044410424306989 0.0044164340943098 0.0043921768665314 0.0043682772666216 0.0043447334319353 0.0043215369805694 0.0042921467684209 0.0042701316997409 0.0042483508586884 0.0042283963412046 0.0042155599221587 0.0041953404434025 0.0041751265525818 0.0041548586450517 0.0041344668716192 0.0041138813830912 0.0040930244140327 0.0040718168020248 0.0040444913320243 0.0040180366486311 0.0039962343871593 0.0039736605249345 0.0039502312429249 0.0039258664473891 0.0038918161299080 0.0038614978548139 0.0038304552435875 0.0038028389681131 0.0037737989332527 0.0037285669241101 0.0036978353746235 0.0036564012989402 0.0036111439112574 0.0035731634125113 0.0035377067979425
0.0047441376373172 0.0047162887640297 0.0046884627081454 0.0046607400290668 0.0046331938356161 0.0045989379286766 0.0045723621733487 0.0045461007393897 0.0045201885513961 0.0044880327768624 0.0044633243232965 0.0044389902614057 0.0044150287285447 0.0043914304114878 0.0043681757524610 0.0043542413040996 0.0043328241445124 0.0043116156011820 0.0042846365831792 0.0042642196640372 0.0042438046075404 0.0042233318090439 0.0042027281597257 0.0041819191537797 0.0041608288884163 0.0041393730789423 0.0041174674406648 0.0040896390564740 0.0040623634122312 0.0040395124815404 0.0040157767944038 0.0039817290380597 0.0039569619111717 0.0039309631101787 0.0039036618545651 0.0038656436372548 0.0038361037150025 0.0037949043326080 0.0037633522879332 0.0037203191313893 0.0036781874950975 0.0036351461894810 0.0035947950091213
0.0048214206472039 0.0047928751446307 0.0047643701545894 0.0047359871678054 0.0047077969647944 0.0046798666007817 0.0046450742520392 0.0046182787045836 0.0045918514952064 0.0045658173039556 0.0045401919633150 0.0045086517930031 0.0044918563216925 0.0044760438613594 0.0044531677849591 0.0044306316412985 0.0044019985944033 0.0043805707246065 0.0043593072332442 0.0043323347344995 0.0043117450550199 0.0042910878546536 0.0042702932842076 0.0042492831125855 0.0042279767803848 0.0042062886059284 0.0041841315105557 0.0041557545773685 0.0041329669766128 0.0041047539561987 0.0040807202458382 0.0040466957725585 0.0040215211920440 0.0039950814098120 0.0039673028513789 0.0039381119422615 0.0039074411615729 0.0038605278823525 0.0038237371481955 0.0037847741041332 0.0037446666974574 0.0036963762249798 0.0036512031219900
0.0048975623212755 0.0048683318309486 0.0048391576856375 0.0048101246356964 0.0047813067212701 0.0047527677379549 0.0047245621681213 0.0046967337839305 0.0046624289825559 0.0046359198167920 0.0046249199658632 0.0046000625006855 0.0045691817067564 0.0045456583611667 0.0045225182548165 0.0044997297227383 0.0044772513210773 0.0044487295672297 0.0044272793456912 0.0043996833264828 0.0043789432384074 0.0043581286445260 0.0043371645733714 0.0043159723281860 0.0042944699525833 0.0042725671082735 0.0042501743882895 0.0042272014543414 0.0041982145048678 0.0041743488982320 0.0041450713761151 0.0041110771708190 0.0040855039842427 0.0040586283430457 0.0040303743444383 0.0040006712079048 0.0039694462902844 0.0039310413412750 0.0038834931328893 0.0038438930641860 0.0038080615922809 0.0037582523655146 0.0037069360259920
0.0049725282005966 0.0049426262266934 0.0049127968959510 0.0048831286840141 0.0048536974936724 0.0048245661891997 0.0047957906499505 0.0047674155794084 0.0047545279376209 0.0047208257019520 0.0046951663680375 0.0046699782833457 0.0046452539972961 0.0046143908984959 0.0045910137705505 0.0045680012553930 0.0045453081838787 0.0045228870585561 0.0044944812543690 0.0044729742221534 0.0044454028829932 0.0044244537129998 0.0044033452868462 0.0043819928541780 0.0043603125959635 0.0043382132425904 0.0043156025931239 0.0042923856526613 0.0042628697119653 0.0042387302964926 0.0041995896026492 0.0041748834773898 0.0041489172726870 0.0041216118261218 0.0040928889065981 0.0040626744739711 0.0040308972820640 0.0039919386617839 0.0039574643597007 0.0039120176807046 0.0038659160491079 0.0038232910446823 0.0037716135848314
0.0050462917424738 0.0050157299265265 0.0049852617084980 0.0049549737013876 0.0049249436706305 0.0048952372744679 0.0048659103922546 0.0048527927137911 0.0048252493143082 0.0047982111573219 0.0047644819132984 0.0047389930114150 0.0047139874659479 0.0046894466504455 0.0046586529351771 0.0046354457736015 0.0046125669032335 0.0045899660326540 0.0045675812289119 0.0045392746105790 0.0045176651328802 0.0044900709763169 0.0044688414782286 0.0044473521411419 0.0044255144894123 0.0044032381847501 0.0043804245069623 0.0043569803237915 0.0043328027240932 0.0043025440536439 0.0042683030478656 0.0042381244711578 0.0042117736302316 0.0041840444318950 0.0041548567824066 0.0041241347789764 0.0040918071754277 0.0040523028001189 0.0040171835571527 0.0039708749391139 0.0039330273866653 0.0038839604239911 0.0038309358060360
0.0051188236102462 0.0050876173190773 0.0050565260462463 0.0050256373360753 0.0049950270913541 0.0049803270958364 0.0049514085985720 0.0049229650758207 0.0048950314521790 0.0048676277510822 0.0048407665453851 0.0048071043565869 0.0047818473540246 0.0047570713795722 0.0047327470965683 0.0047088372521102 0.0046790307387710 0.0046562775969505 0.0046337442472577 0.0046048387885094 0.0045831175521016 0.0045613422989845 0.0045336605980992 0.0045120576396585 0.0044900849461555 0.0044676503166556 0.0044446531683207 0.0044209952466190 0.0043965750373900 0.0043563582003117 0.0043316641822457 0.0043008136563003 0.0042740874923766 0.0042459424585104 0.0042162942700088 0.0041850684210658 0.0041521922685206 0.0041121509857476 0.0040763835422695 0.0040292204357684 0.0039906492456794 0.0039499946869910 0.0038897469639778
0.0051900977268815 0.0051582655869424 0.0051265680231154 0.0051103229634464 0.0050801243633032 0.0050503304228187 0.0050209979526699 0.0049921669997275 0.0049638720229268 0.0049361325800419 0.0049089565873146 0.0048823454417288 0.0048562851734459 0.0048238541930914 0.0047993403859437 0.0047752517275512 0.0047515374608338 0.0047218282707036 0.0046991743147373 0.0046766679733992 0.0046478719450533 0.0046259984374046 0.0045978161506355 0.0045761223882437 0.0045540374703705 0.0045314645394683 0.0045083011500537 0.0044844457879663 0.0044597969390452 0.0044252346269786 0.0043944916687906 0.0043682302348316 0.0043358751572669 0.0043073194101453 0.0042772172018886 0.0042454921640456 0.0042120683938265 0.0041714985854924 0.0041350824758410 0.0040916018188000 0.0040477737784386 0.0040063457563519 0.0039543593302369
0.0052600875496864 0.0052276491187513 0.0052111395634711 0.0051801372319460 0.0051494999788702 0.0051192962564528 0.0050895786844194 0.0050603933632374 0.0050317659042776 0.0050037209875882 0.0049762632697821 0.0049493913538754 0.0049230903387070 0.0048973378725350 0.0048651262186468 0.0048408890143037 0.0048170345835388 0.0047935023903847 0.0047638807445765 0.0047412817366421 0.0047187404707074 0.0046899942681193 0.0046678823418915 0.0046395589597523 0.0046173841692507 0.0045946929603815 0.0045713828876615 0.0045473496429622 0.0045224856585264 0.0044880956411362 0.0044568032026291 0.0044301943853498 0.0044022095389664 0.0043681962415576 0.0043376456014812 0.0043054237030447 0.0042714555747807 0.0042303665541112 0.0041933003813028 0.0041491319425404 0.0041044186800718 0.0040622116066515 0.0040178033523262
0.0053440104238689 0.0053120339289308 0.0052802818827331 0.0052488455548882 0.0052178008481860 0.0051872194744647 0.0051571503281593 0.0051276395097375 0.0050987154245377 0.0050703962333500 0.0050426889210939 0.0050155883654952 0.0049890796653926 0.0049631344154477 0.0049377176910639 0.0049057574942708 0.0048817940987647 0.0048581562004983 0.0048347711563110 0.0048052058555186 0.0047825952060521 0.0047599459066987 0.0047311689704657 0.0047087115235627 0.0046801394782960 0.0046573528088629 0.0046339156106114 0.0046097198501229 0.0045755496248603 0.0045504444278777 0.0045186155475676 0.0044916695915163 0.0044633042998612 0.0044285915791988 0.0043975980952382 0.0043648825958371 0.0043303743004799 0.0042887725867331 0.0042510558851063 0.0042062057182193 0.0041606063023210 0.0041176145896316 0.0040723737329245
0.0054128901101649 0.0053804558701813 0.0053482740186155 0.0053164358250797 0.0052850195206702 0.0052540912292898 0.0052237049676478 0.0051939026452601 0.0051647154614329 0.0051361578516662 0.0051082340069115 0.0050809388048947 0.0050542531535029 0.0050281495787203 0.0050025866366923 0.0049775140359998 0.0049458239227533 0.0049221105873585 0.0048986487090588 0.0048753581941128 0.0048458026722074 0.0048230960965157 0.0047938413918018 0.0047713317908347 0.0047423169016838 0.0047194580547512 0.0046959132887423 0.0046715727075934 0.0046376748941839 0.0046122991479933 0.0045857196673751 0.0045526735484600 0.0045239380560815 0.0044936463236809 0.0044570919126272 0.0044238911941648 0.0043830634094775 0.0043467385694385 0.0043083708733320 0.0042628441005945 0.0042163575999439 0.0041725770570338 0.0041264989413321
0.0054805371910334 0.0054476796649396 0.0054151020012796 0.0053828982636333 0.0053511438891292 0.0053199063986540 0.0052892407402396 0.0052591841667891 0.0052297678776085 0.0052010053768754 0.0051729027181864 0.0051454473286867 0.0051186196506023 0.0050923884846270 0.0050667123869061 0.0050415382720530 0.0050168032757938 0.0049853753298521 0.0049618687480688 0.0049385265447199 0.0049152546562254 0.0048856381326914 0.0048627322539687 0.0048333783634007 0.0048103965818882 0.0047810226678848 0.0047573912888765 0.0047237952239811 0.0046993056312203 0.0046736751683056 0.0046468004584312 0.0046132253482938 0.0045841275714338 0.0045534265227616 0.0045161498710513 0.0044824662618339 0.0044412072747946 0.0044042831286788 0.0043652635067701 0.0043190689757466 0.0042762770317495 0.0042271190322936 0.0041801976040006
