MultiGPUParallelSpatialAdaptiveKDE/gpu.asc
ncols 100
nrows 100
xllcorner 0.000000
yllcorner 0.000000
cellsize 1.000000
NODATA_value -9999
[rows 38 to 56 of 100, columns 0 to 42 of 100]
0.0049296393990517 0.0050280671566725 0.0051192683167756 0.0052113113924861 0.0052945879288018 0.0053733983077109 0.0054475902579725 0.0055170287378132 0.0055816005915403 0.0056412108242512 0.0057000475935638 0.0057542971335351 0.0057995854876935 0.0058398097753525 0.0058749760501087 0.0059099653735757 0.0059403600171208 0.0059618046507239 0.0059785288758576 0.0059906356036663 0.0059982440434396 0.0060135894455016 0.0060137957334518 0.0060152239166200 0.0060136737301946 0.0060154418461025 0.0060031358152628 0.0059958091005683 0.0059785116463900 0.0059586497955024 0.0059364442713559 0.0059121036902070 0.0058858464471996 0.0058578834868968 0.0058284173719585 0.0057976590469480 0.0057657971046865 0.0057330257259309 0.0056995227932930 0.0056807179935277 0.0056474106386304 0.0056139184162021 0.0055803833529353
0.0049967025406659 0.0050962599925697 0.0051884949207306 0.0052813165821135 0.0053654545918107 0.0054450454190373 0.0055199326016009 0.0055899801664054 0.0056550730951130 0.0057151163928211 0.0057787043042481 0.0058293519541621 0.0058748633600771 0.0059152259491384 0.0059504462406039 0.0059854602441192 0.0060158520936966 0.0060371323488653 0.0060536218807101 0.0060654222033918 0.0060787438414991 0.0060880910605192 0.0060878358781338 0.0060944287106395 0.0060989870689809 0.0060894824564457 0.0060766814276576 0.0060685314238071 0.0060506551526487 0.0060301963239908 0.0060073756612837 0.0059824115596712 0.0059555210173130 0.0059269224293530 0.0058968234807253 0.0058654295280576 0.0058329459279776 0.0057995589450002 0.0057809711433947 0.0057475194334984 0.0057137552648783 0.0056798299774528 0.0056458893232048
0.0050626052543521 0.0051632407121360 0.0052564665675163 0.0053500179201365 0.0054349717684090 0.0055152955465019 0.0055908360518515 0.0056614498607814 0.0057270242832601 0.0057918662205338 0.0058518690057099 0.0059027895331383 0.0059484876692295 0.0059889541007578 0.0060242023319006 0.0060592046938837 0.0060895639471710 0.0061106570065022 0.0061268843710423 0.0061445413157344 0.0061518629081547 0.0061607426032424 0.0061653605662286 0.0061729373410344 0.0061716865748167 0.0061617200262845 0.0061484281904995 0.0061320201493800 0.0061210142448545 0.0060999705456197 0.0060765482485294 0.0060509736649692 0.0060234698466957 0.0059942547231913 0.0059635411016643 0.0059315417893231 0.0058984584175050 0.0058802133426070 0.0058467718772590 0.0058128763921559 0.0057786908000708 0.0057443706318736 0.0057100644335151
0.0051272409036756 0.0052289003506303 0.0053230673074722 0.0054128537885845 0.0055030276998878 0.0055840420536697 0.0056601888500154 0.0057313269935548 0.0058015868999064 0.0058669080026448 0.0059233354404569 0.0059744920581579 0.0060203466564417 0.0060608889907598 0.0060961348935962 0.0061310934834182 0.0061613884754479 0.0061822673305869 0.0062044765800238 0.0062161004170775 0.0062230569310486 0.0062365895137191 0.0062476070597768 0.0062493653967977 0.0062424987554550 0.0062320725992322 0.0062182960100472 0.0062013831920922 0.0061895190738142 0.0061679035425186 0.0061438982374966 0.0061177336610854 0.0060896356590092 0.0060598263517022 0.0060285236686468 0.0059959418140352 0.0059781824238598 0.0059449281543493 0.0059110559523106 0.0058767530135810 0.0058421879075468 0.0058075166307390 0.0057728844694793
0.0051904916763306 0.0052931215614080 0.0053881830535829 0.0054787900298834 0.0055695045739412 0.0056511638686061 0.0057278736494482 0.0057994928210974 0.0058704181574285 0.0059362798929214 0.0059929895214736 0.0060443496331573 0.0060903276316822 0.0061309169977903 0.0061661312356591 0.0062010139226913 0.0062312134541571 0.0062581845559180 0.0062743425369263 0.0062856487929821 0.0062922323122621 0.0063170860521495 0.0063170432113111 0.0063186264596879 0.0063113365322351 0.0063004596158862 0.0062862094491720 0.0062688030302525 0.0062560969963670 0.0062339268624783 0.0062093576416373 0.0061826244927943 0.0061539560556412 0.0061235786415637 0.0060992171056569 0.0060745985247195 0.0060417116619647 0.0060080420225859 0.0059737828560174 0.0059391167014837 0.0059042130596936 0.0058692325837910 0.0058343210257590
0.0052522416226566 0.0053557869978249 0.0054516908712685 0.0055430703796446 0.0056297224946320 0.0057165389880538 0.0057937684468925 0.0058701592497528 0.0059414166025817 0.0060037542134523 0.0060607111081481 0.0061122407205403 0.0061583118513227 0.0061989193782210 0.0062340782023966 0.0062688561156392 0.0063052996993065 0.0063262167386711 0.0063421055674553 0.0063530853949487 0.0063707130029798 0.0063848225399852 0.0063897031359375 0.0063858181238174 0.0063781128264964 0.0063667926006019 0.0063520832918584 0.0063342018984258 0.0063133728690445 0.0062979664653540 0.0062728575430810 0.0062455814331770 0.0062163695693016 0.0061929859220982 0.0061691477894783 0.0061368355527520 0.0061035570688546 0.0060695181600749 0.0060349125415087 0.0059999246150255 0.0059647290036082 0.0059294877573848 0.0058943447656929
0.0053123640827835 0.0054167681373656 0.0055134673602879 0.0056055691093206 0.0056928712874651 0.0057800421491265 0.0058577465824783 0.0059347944334149 0.0060065798461437 0.0060692057013512 0.0061263754032552 0.0061780437827110 0.0062241791747510 0.0062647778540850 0.0062998579815030 0.0063454676419497 0.0063713560812175 0.0063920510001481 0.0064076590351760 0.0064244884997606 0.0064417896792293 0.0064503806643188 0.0064551094546914 0.0064508449286222 0.0064427331089973 0.0064309886656702 0.0064158313907683 0.0063974899239838 0.0063761956989765 0.0063599501736462 0.0063343262299895 0.0063065341673791 0.0062843514606357 0.0062614995986223 0.0062299794517457 0.0061972956173122 0.0061636678874493 0.0061293034814298 0.0060943975113332 0.0060591390356421 0.0060237003490329 0.0059882439672947 0.0059529189020395
0.0053707347251475 0.0054759383201599 0.0055733812041581 0.0056661576963961 0.0057540624402463 0.0058415429666638 0.0059240665286779 0.0059973495081067 0.0060696275904775 0.0061325053684413 0.0061898571439087 0.0062416312284768 0.0062878024764359 0.0063283690251410 0.0063697351142764 0.0064094001427293 0.0064351111650467 0.0064555723220110 0.0064770439639688 0.0064983437769115 0.0065054842270911 0.0065136561170220 0.0065182433463633 0.0065136095508933 0.0065051047131419 0.0064929495565593 0.0064773675985634 0.0064585888758302 0.0064368518069386 0.0064123906195164 0.0063936873339117 0.0063729388639331 0.0063512939959764 0.0063207950443029 0.0062889289110899 0.0062559200450778 0.0062219919636846 0.0061873490922153 0.0061521925963461 0.0061167120002210 0.0060810795985162 0.0060454625636339 0.0060100066475570
0.0054272180423141 0.0055331662297249 0.0056313015520573 0.0057247020304203 0.0058131623081863 0.0058964896015823 0.0059840697795153 0.0060618044808507 0.0061304289847612 0.0061935232952237 0.0062510212883353 0.0063028740696609 0.0063490574248135 0.0063959374092519 0.0064313518814743 0.0064709233120084 0.0064964457415044 0.0065227635204792 0.0065383398905396 0.0065599307417870 0.0065667931921780 0.0065743778832257 0.0065790009684861 0.0065740123391151 0.0065651326440275 0.0065525840036571 0.0065365973860025 0.0065174084156752 0.0064952545799315 0.0064703770913184 0.0064583560451865 0.0064381491392851 0.0064089181832969 0.0063781030476093 0.0063459365628660 0.0063126520253718 0.0062784706242383 0.0062435995787382 0.0062082442454994 0.0061725950799882 0.0061368239112198 0.0061010988429189 0.0060655660927296
0.0054816841147840 0.0055883163586259 0.0056870914995670 0.0057810675352812 0.0058700330555439 0.0059582074172795 0.0060417670756578 0.0061199697665870 0.0061888433992863 0.0062521239742637 0.0063097388483584 0.0063616423867643 0.0064141424372792 0.0064551415853202 0.0064904633909464 0.0065299156121910 0.0065612681210041 0.0065817921422422 0.0066076065413654 0.0066190119832754 0.0066256052814424 0.0066330838017166 0.0066372775472701 0.0066319517791271 0.0066227153874934 0.0066097970120609 0.0065934313461185 0.0065738572739065 0.0065513174049556 0.0065260557457805 0.0065142046660185 0.0064939558506012 0.0064644375815988 0.0064333509653807 0.0064009358175099 0.0063674235716462 0.0063330400735140 0.0062979981303215 0.0062624989077449 0.0062267328612506 0.0061908802017570 0.0061551025137305 0.0061195502057672
0.0055339932441711 0.0056412518024445 0.0057406132109463 0.0058351121842861 0.0059245391748846 0.0060133393853903 0.0060925716534257 0.0061756521463394 0.0062447418458760 0.0063081709668040 0.0063658715225756 0.0064240773208439 0.0064707784913480 0.0065117245540023 0.0065469387918711 0.0065862475894392 0.0066178645938635 0.0066381753422320 0.0066642966121435 0.0066754710860550 0.0066818031482399 0.0066891866736114 0.0066929641179740 0.0066873165778816 0.0066777477040887 0.0066644870676100 0.0066477702930570 0.0066278418526053 0.0066049485467374 0.0065950527787209 0.0065684188157320 0.0065475339069963 0.0065177734941244 0.0064864670857787 0.0064538531005383 0.0064201690256596 0.0063856393098831 0.0063504800200462 0.0063148923218250 0.0062790703959763 0.0062431911937892 0.0062074204906821 0.0061719068326056
0.0055840085260570 0.0056918319314718 0.0057917260564864 0.0058866990730166 0.0059809270314872 0.0060659251175821 0.0061495937407017 0.0062287081964314 0.0062979776412249 0.0063615269027650 0.0064254878088832 0.0064779892563820 0.0065246759913862 0.0065655549988151 0.0066006514243782 0.0066461912356317 0.0066716955043375 0.0067022512666881 0.0067182378843427 0.0067291907034814 0.0067405574955046 0.0067425784654915 0.0067459489218891 0.0067400042898953 0.0067301271483302 0.0067165507934988 0.0066995150409639 0.0066792671568692 0.0066715520806611 0.0066470825113356 0.0066202618181705 0.0065913419239223 0.0065688458271325 0.0065373703837395 0.0065046139061451 0.0064708143472672 0.0064361970871687 0.0064009772613645 0.0063653620891273 0.0063295438885689 0.0062936986796558 0.0062579950317740 0.0062225782312453
0.0056315897963941 0.0057399147190154 0.0058402912691236 0.0059356847777963 0.0060304962098598 0.0061158193275332 0.0061999056488276 0.0062745613977313 0.0063484138809144 0.0064181592315435 0.0064765256829560 0.0065290457569063 0.0065757012926042 0.0066164983436465 0.0066577452234924 0.0066973022185266 0.0067226337268949 0.0067535042762756 0.0067693055607378 0.0067800469696522 0.0067913499660790 0.0067931390367448 0.0067961211316288 0.0067899031564593 0.0067797475494444 0.0067658843472600 0.0067485631443560 0.0067358342930675 0.0067212283611298 0.0066966004669666 0.0066696405410767 0.0066406060941517 0.0066175712272525 0.0065859858877957 0.0065531437285244 0.0065192864276469 0.0064846379682422 0.0064494214020669 0.0064138383604586 0.0063780844211578 0.0063423379324377 0.0063067604787648 0.0062715057283640
0.0056765922345221 0.0057817981578410 0.0058861630968750 0.0059862723574042 0.0060772751457989 0.0061628804542124 0.0062473407015204 0.0063221869058907 0.0064019081182778 0.0064661763608456 0.0065245921723545 0.0065771099179983 0.0066237184219062 0.0066705620847642 0.0067059961147606 0.0067453915253282 0.0067808898165822 0.0068017500452697 0.0068173748441041 0.0068279202096164 0.0068391733802855 0.0068407519720495 0.0068378709256649 0.0068369037471712 0.0068264966830611 0.0068123829551041 0.0068024690262973 0.0067904139868915 0.0067682503722608 0.0067435116507113 0.0067164632491767 0.0066873650066555 0.0066564716398716 0.0066322227939963 0.0065993559546769 0.0065655014477670 0.0065308874472976 0.0064957342110574 0.0064602475613356 0.0064246202819049 0.0063890344463289 0.0063536493107677 0.0063186171464622
0.0057136467657983 0.0058245128020644 0.0059292004443705 0.0060298326425254 0.0061211246065795 0.0062110470607877 0.0062917564064264 0.0063667548820376 0.0064423703588545 0.0065111061558127 0.0065695452503860 0.0066220443695784 0.0066745751537383 0.0067157736048102 0.0067511098459363 0.0067903287708759 0.0068261432461441 0.0068468600511551 0.0068623237311840 0.0068726884201169 0.0068839089944959 0.0068852980621159 0.0068822237662971 0.0068808901123703 0.0068702669814229 0.0068634282797575 0.0068541835062206 0.0068347584456205 0.0068125142715871 0.0067877192050219 0.0067606368102133 0.0067315315827727 0.0067006591707468 0.0066759986802936 0.0066431672312319 0.0066093779169023 0.0065748603083193 0.0065398365259171 0.0065045105293393 0.0064690774306655 0.0064337155781686 0.0063985902816057 0.0063638440333307
0.0057534752413630 0.0058590373955667 0.0059735290706158 0.0060703684575856 0.0061619002372026 0.0062521407380700 0.0063330121338367 0.0064144264906645 0.0064842794090509 0.0065528089180589 0.0066112503409386 0.0066637140698731 0.0067165894433856 0.0067577175796032 0.0067929509095848 0.0068319840356708 0.0068681244738400 0.0068887104280293 0.0069040236994624 0.0069195250980556 0.0069254301488400 0.0069266604259610 0.0069234212860465 0.0069217476993799 0.0069109429605305 0.0069120740517974 0.0068956660106778 0.0068761925213039 0.0068539208732545 0.0068291230127215 0.0068020620383322 0.0067730066366494 0.0067422157153487 0.0067099453881383 0.0066844876855612 0.0066508268937469 0.0066164731979370 0.0065816431306303 0.0065465453080833 0.0065113715827465 0.0064763021655381 0.0064414977096021 0.0064071058295667
0.0057902811095119 0.0058961925096810 0.0060053630732000 0.0061077368445694 0.0061994618736207 0.0062899738550186 0.0063771042041481 0.0064529050141573 0.0065228408202529 0.0065868217498064 0.0066495686769485 0.0067081931047142 0.0067552058026195 0.0067962585017085 0.0068313935771585 0.0068808142095804 0.0069067040458322 0.0069271703250706 0.0069423532113433 0.0069578466936946 0.0069636208936572 0.0069647156633437 0.0069613442756236 0.0069593624211848 0.0069562373682857 0.0069505078718066 0.0069340802729130 0.0069146105088294 0.0068923672661185 0.0068676183000207 0.0068406388163567 0.0068116942420602 0.0067810462787747 0.0067489496432245 0.0067156595177948 0.0066897608339787 0.0066556334495544 0.0066210660152137 0.0065862629562616 0.0065514184534550 0.0065167071297765 0.0064822924323380 0.0064483219757676
0.0058239283971488 0.0059301266446710 0.0060396627523005 0.0061364928260446 0.0062336693517864 0.0063303722999990 0.0064120441675186 0.0064879283308983 0.0065579139627516 0.0066219172440469 0.0066858818754554 0.0067433365620673 0.0067902947776020 0.0068312683142722 0.0068663018755615 0.0069159627892077 0.0069417571648955 0.0069621163420379 0.0069771860726178 0.0069926897995174 0.0069983578287065 0.0069993459619582 0.0069958772510290 0.0069957650266588 0.0069988179020584 0.0069857137277722 0.0069693205878139 0.0069499039091170 0.0069277412258089 0.0069031049497426 0.0068762637674809 0.0068474905565381 0.0068170479498804 0.0067851920612156 0.0067521752789617 0.0067260791547596 0.0066922516562045 0.0066580143757164 0.0066235740669072 0.0065891230478883 0.0065548405982554 0.0065208845771849 0.0064873984083533
0.0058542820625007 0.0059650288894773 0.0060705491341650 0.0061675449833274 0.0062631620094180 0.0063616740517318 0.0064434236846864 0.0065193609334528 0.0065893675200641 0.0066533647477627 0.0067176921293139 0.0067748269066215 0.0068217231892049 0.0068626152351499 0.0069027426652610 0.0069474461488426 0.0069731557741761 0.0069934236817062 0.0070083965547383 0.0070239291526377 0.0070295184850693 0.0070304363034666 0.0070269005373120 0.0070348721928895 0.0070306300185621 0.0070175863802433 0.0070012756623328 0.0069819693453610 0.0069599458947778 0.0069354758597910 0.0069088358432055 0.0068802973255515 0.0068501220084727 0.0068185725249350 0.0067858989350498 0.0067523377947509 0.0067262272350490 0.0066923894919455 0.0066583822481334 0.0066243959590793 0.0065906085073948 0.0065571777522564 0.0065242485143244
