MultiGPUParallelSpatialAdaptiveKDE/gpu.asc
ncols 100
nrows 100
xllcorner 0.000000
yllcorner 0.000000
cellsize 1.000000
NODATA_value -9999
[rows 38 to 56 of 100, columns 43 to 85 of 100]
0.0055469339713454 0.0055136908777058 0.0054807546548545 0.0054482212290168 0.0054161669686437 0.0053846584632993 0.0053537478670478 0.0053234775550663 0.0052938708104193 0.0052649429999292 0.0052366945892572 0.0052091144025326 0.0051821810193360 0.0051558576524258 0.0051301019266248 0.0051048556342721 0.0050800559110940 0.0050556259229779 0.0050244373269379 0.0050010732375085 0.0049777687527239 0.0049544209614396 0.0049246568232775 0.0048948647454381 0.0048718508332968 0.0048420624807477 0.0048183654434979 0.0047851451672614 0.0047604581341147 0.0047345897182822 0.0047074332833290 0.0046733412891626 0.0046438919380307 0.0046127880923450 0.0045799422077835 0.0045406287536025 0.0044989492744207 0.0044614267535508 0.0044217566028237 0.0043748985044658 0.0043313456699252 0.0042812628671527 0.0042334930039942
0.0056120627559721 0.0055784708820283 0.0055452147498727 0.0055123916827142 0.0054800785146654 0.0054483390413225 0.0054172263480723 0.0053867776878178 0.0053570210002363 0.0053279655985534 0.0052996114827693 0.0052719446830451 0.0052449409849942 0.0052185612730682 0.0051927608437836 0.0051674768328667 0.0051426431164145 0.0051181814633310 0.0050940061919391 0.0050630085170269 0.0050397007726133 0.0050163343548775 0.0049927975051105 0.0049627749249339 0.0049327793531120 0.0049091372638941 0.0048697656020522 0.0048460108228028 0.0048211449757218 0.0047950549051166 0.0047676311805844 0.0047387694939971 0.0047032474540174 0.0046717505902052 0.0046384576708078 0.0045983954332769 0.0045563057065010 0.0045181880705059 0.0044778655283153 0.0044303513132036 0.0043860366567969 0.0043350290507078 0.0042864060960710
0.0056759007275105 0.0056420019827783 0.0056084683164954 0.0055753975175321 0.0055428640916944 0.0055109360255301 0.0054796631447971 0.0054490803740919 0.0054192137904465 0.0053900699131191 0.0053616510704160 0.0053339353762567 0.0053069000132382 0.0052805007435381 0.0052546896040440 0.0052294037304819 0.0052045700140297 0.0051801088266075 0.0051559270359576 0.0051319301128387 0.0051010577008128 0.0050776996649802 0.0050541497766972 0.0050235949456692 0.0049998811446130 0.0049600219354033 0.0049302754923701 0.0049064042977989 0.0048813787288964 0.0048550833016634 0.0048274085856974 0.0047982446849346 0.0047622057609260 0.0047303256578743 0.0046965940855443 0.0046609262935817 0.0046132919378579 0.0045745791867375 0.0045336089096963 0.0044854450970888 0.0044403653591871 0.0043884338811040 0.0043389541096985
0.0057384259998798 0.0057042618282139 0.0056704957969487 0.0056372215040028 0.0056045157834888 0.0055724424310029 0.0055410503409803 0.0055103758350015 0.0054804407991469 0.0054512540809810 0.0054228082299232 0.0053950864821672 0.0053680567070842 0.0053416760638356 0.0053158919326961 0.0052906377241015 0.0052658380009234 0.0052414080128074 0.0052172527648509 0.0051932726055384 0.0051693604327738 0.0051385192200541 0.0051149842329323 0.0050911116413772 0.0050601828843355 0.0050204768776894 0.0049968780949712 0.0049663330428302 0.0049411663785577 0.0049146846868098 0.0048867734149098 0.0048573222011328 0.0048207822255790 0.0047885249368846 0.0047543621622026 0.0047123739495873 0.0046699238009751 0.0046306191943586 0.0045890002511442 0.0045401942916214 0.0044943462125957 0.0044460124336183 0.0043911533430219
0.0057996148243546 0.0057652313262224 0.0057312780991197 0.0056978450156748 0.0056650107726455 0.0056328368373215 0.0056013735011220 0.0055706528946757 0.0055406955070794 0.0055115073919296 0.0054830783046782 0.0054553896188736 0.0054284078069031 0.0054020839743316 0.0053763655014336 0.0053511783480644 0.0053264461457729 0.0053020804189146 0.0052779843099415 0.0052540511824191 0.0052301711402833 0.0052062245085835 0.0051753045991063 0.0051514455117285 0.0051177446730435 0.0050871944986284 0.0050567714497447 0.0050258012488484 0.0050005158409476 0.0049738651141524 0.0049457335844636 0.0049160090275109 0.0048789824359119 0.0048463600687683 0.0048117735423148 0.0047694523818791 0.0047313044779003 0.0046863155439496 0.0046440497972071 0.0045946110039949 0.0045479950495064 0.0044988384470344 0.0044430177658796
0.0058594360016286 0.0058248820714653 0.0057907882146537 0.0057572457008064 0.0057243313640356 0.0056921071372926 0.0056606167927384 0.0056298971176147 0.0055999620817602 0.0055708149448037 0.0055424487218261 0.0055148368701339 0.0054879402741790 0.0054617170244455 0.0054360986687243 0.0054110181517899 0.0053863888606429 0.0053621227853000 0.0053381170146167 0.0053142616525292 0.0052904426120222 0.0052665360271931 0.0052351085469127 0.0052112885750830 0.0051781521178782 0.0051539884880185 0.0051161893643439 0.0050913756713271 0.0050594285130501 0.0050326269119978 0.0050042904913425 0.0049743084236979 0.0049425675533712 0.0049038338474929 0.0048688319511712 0.0048261904157698 0.0047874897718430 0.0047416766174138 0.0046987673267722 0.0046487003564835 0.0046013169921935 0.0045513371005654 0.0044945585541427
0.0059178578667343 0.0058831851929426 0.0058490005321801 0.0058153998106718 0.0057824542745948 0.0057502272538841 0.0057187606580555 0.0056880870833993 0.0056582232937217 0.0056291660293937 0.0056009045802057 0.0055734110064805 0.0055466480553150 0.0055205617100000 0.0054950863122940 0.0054701473563910 0.0054456600919366 0.0054215262643993 0.0053976420313120 0.0053738965652883 0.0053501673974097 0.0053263315930963 0.0053022545762360 0.0052615189924836 0.0052380673587322 0.0052138408645988 0.0051887095905840 0.0051502548158169 0.0051179006695747 0.0050909682177007 0.0050624446012080 0.0050322171300650 0.0050001740455627 0.0049609467387199 0.0049255401827395 0.0048825885169208 0.0048433435149491 0.0048017133958638 0.0047531551681459 0.0047024674713612 0.0046543162316084 0.0046035135164857 0.0045457794331014
0.0059748478233814 0.0059401053003967 0.0059058843180537 0.0058722747489810 0.0058393497020006 0.0058071711100638 0.0057757794857025 0.0057452018372715 0.0057154544629157 0.0056865345686674 0.0056584249250591 0.0056310971267521 0.0056045078672469 0.0055786012671888 0.0055533074773848 0.0055285524576902 0.0055042407475412 0.0054802745580673 0.0054565477184951 0.0054329414851964 0.0054093338549137 0.0053855935111642 0.0053521622903645 0.0053286361508071 0.0052974782884121 0.0052732154726982 0.0052480073645711 0.0052086692303419 0.0051824203692377 0.0051488806493580 0.0051201893948019 0.0050897323526442 0.0050574005581439 0.0050176950171590 0.0049760518595576 0.0049386434257030 0.0048988577909768 0.0048566274344921 0.0048021399416029 0.0047559123486280 0.0047069941647351 0.0046553676947951 0.0045966836623847
0.0060303607024252 0.0059956065379083 0.0059614018537104 0.0059278369881213 0.0058949883095920 0.0058629093691707 0.0058316420763731 0.0058012129738927 0.0057716332376003 0.0057428982108831 0.0057149874046445 0.0056878696195781 0.0056614982895553 0.0056358133442700 0.0056107444688678 0.0055862078443170 0.0055621112696826 0.0055383499711752 0.0055148121900856 0.0054913796484470 0.0054679219610989 0.0054443087428808 0.0054115778766572 0.0053880605846643 0.0053638950921595 0.0053320941515267 0.0053068329580128 0.0052804416045547 0.0052402904257178 0.0052063516341150 0.0051775090396404 0.0051468410529196 0.0051142340525985 0.0050740689039230 0.0050322227180004 0.0049943421036005 0.0049540242180228 0.0049112010747194 0.0048559601418674 0.0048090261407197 0.0047593442723155 0.0047068954445422 0.0046472675167024
0.0060843573883176 0.0060496437363327 0.0060155112296343 0.0059820474125445 0.0059493277221918 0.0059174038469791 0.0058863153681159 0.0058560846373439 0.0058267218992114 0.0057982211001217 0.0057705584913492 0.0057436972856522 0.0057175890542567 0.0056921713985503 0.0056673674844205 0.0056430916301906 0.0056192474439740 0.0055957259610295 0.0055724126286805 0.0055491845123470 0.0055259088985622 0.0054933698847890 0.0054704230278730 0.0054469411261380 0.0054227751679718 0.0053904536180198 0.0053651635535061 0.0053386976942420 0.0053045521490276 0.0052697444334626 0.0052343891002238 0.0052035246044397 0.0051706577651203 0.0051300507038832 0.0050880159251392 0.0050496743060648 0.0050088302232325 0.0049654175527394 0.0049145217053592 0.0048618000000715 0.0048113553784788 0.0047580851241946 0.0046975202858448
0.0061367833986878 0.0061021698638797 0.0060681668110192 0.0060348613187671 0.0060023255646229 0.0059706117026508 0.0059397541917861 0.0059097786433995 0.0058806864544749 0.0058524692431092 0.0058251013979316 0.0057985456660390 0.0057727457024157 0.0057476386427879 0.0057231415994465 0.0056991665624082 0.0056756138801575 0.0056523694656789 0.0056293164379895 0.0056063248775899 0.0055739437229931 0.0055515160784125 0.0055286656133831 0.0055052465759218 0.0054811080917716 0.0054561048746109 0.0054229702800512 0.0053964518010616 0.0053685670718551 0.0053265504539013 0.0052908007055521 0.0052597587928176 0.0052266460843384 0.0051913601346314 0.0051434086635709 0.0051046134904027 0.0050632520578802 0.0050192591734231 0.0049678329378366 0.0049142139032483 0.0048630097880960 0.0048089213669300 0.0047519453801215
0.0061875847168267 0.0061531295068562 0.0061193164438009 0.0060862298123538 0.0060539343394339 0.0060224854387343 0.0059919171035290 0.0059622479602695 0.0059334784746170 0.0059055956080556 0.0058785751461983 0.0058523686602712 0.0058269263245165 0.0058021713048220 0.0057780258357525 0.0057543939910829 0.0057311696000397 0.0057082404382527 0.0056854821741581 0.0056627620942891 0.0056312638334930 0.0056089917197824 0.0055862651206553 0.0055629368871450 0.0055388552136719 0.0055138655006886 0.0054878173395991 0.0054536694660783 0.0054257018491626 0.0053899129852653 0.0053467145189643 0.0053155096247792 0.0052821710705757 0.0052408911287785 0.0051983688026667 0.0051591321825981 0.0051172636449337 0.0050726975314319 0.0050207502208650 0.0049662403762341 0.0049142823554575 0.0048593799583614 0.0048015336506069
0.0062367022037506 0.0062024667859077 0.0061689037829638 0.0061360914260149 0.0061040986329317 0.0060729733668268 0.0060427472926676 0.0060134371742606 0.0059850448742509 0.0059575513005257 0.0059309247881174 0.0059051210992038 0.0058800778351724 0.0058557237498462 0.0058319712989032 0.0058087226934731 0.0057858680374920 0.0057632899843156 0.0057408623397350 0.0057095815427601 0.0056878332979977 0.0056657483801246 0.0056431777775288 0.0056199701502919 0.0055959695018828 0.0055710198357701 0.0055449637584388 0.0055103069171309 0.0054822773672640 0.0054460917599499 0.0054153664968908 0.0053707412444055 0.0053371875546873 0.0052958410233259 0.0052528604865074 0.0052131935954094 0.0051708277314901 0.0051206387579441 0.0050732428207994 0.0050229337066412 0.0049651418812573 0.0049094324931502 0.0048507181927562
0.0062840683385730 0.0062501183710992 0.0062168641015887 0.0061843893490732 0.0061527555808425 0.0061220102943480 0.0060921846888959 0.0060632922686636 0.0060353288426995 0.0060082748532295 0.0059820963069797 0.0059567396529019 0.0059321476146579 0.0059082373045385 0.0058849216438830 0.0058620977215469 0.0058396528474987 0.0058174636214972 0.0057863737456501 0.0057650948874652 0.0057435976341367 0.0057217348366976 0.0056993504986167 0.0056762918829918 0.0056524001993239 0.0056275138631463 0.0056014768779278 0.0055741285905242 0.0055382433347404 0.0055084982886910 0.0054708248935640 0.0054254019632936 0.0053916545584798 0.0053502572700381 0.0053068376146257 0.0052667506970465 0.0052238986827433 0.0051732971332967 0.0051252664998174 0.0050742588937283 0.0050155501812696 0.0049590384587646 0.0048994631506503
0.0063296118751168 0.0062960083596408 0.0062631270848215 0.0062310486100614 0.0061998357996345 0.0061695328913629 0.0061401664279401 0.0061117447912693 0.0060842661187053 0.0060577038675547 0.0060320212505758 0.0060071661137044 0.0059830681420863 0.0059596477076411 0.0059368126094341 0.0059144534170628 0.0058924588374794 0.0058615324087441 0.0058406675234437 0.0058197034522891 0.0057984930463135 0.0057768835686147 0.0057547190226614 0.0057318378239870 0.0057080816477537 0.0056832870468497 0.0056572919711471 0.0056299343705177 0.0056010587140918 0.0055637168698013 0.0055256523191929 0.0054863630793989 0.0054398658685386 0.0054040811955929 0.0053602447733283 0.0053197555243969 0.0052764276042581 0.0052254274487495 0.0051767709665000 0.0051250737160444 0.0050654592923820 0.0050081517547369 0.0049477238208055
0.0063732583075762 0.0063400622457266 0.0063076186925173 0.0062759993597865 0.0062452675774693 0.0062154633924365 0.0061866128817201 0.0061587197706103 0.0061317798681557 0.0061057633720338 0.0060806302353740 0.0060563208535314 0.0060327686369419 0.0060098846442997 0.0059875734150410 0.0059657213278115 0.0059349359944463 0.0059144357219338 0.0058939489535987 0.0058733387850225 0.0058524487540126 0.0058311279863119 0.0058092121034861 0.0057865395210683 0.0057629491202533 0.0057382690720260 0.0057123396545649 0.0056849941611290 0.0056560761295259 0.0056182183325291 0.0055863950401545 0.0055465758778155 0.0054932921193540 0.0054572494700551 0.0054130218923092 0.0053721405565739 0.0053283525630832 0.0052769677713513 0.0052276975475252 0.0051753213629127 0.0051198205910623 0.0050567192956805 0.0049954466521740
0.0064149210229516 0.0063822004012764 0.0063502546399832 0.0063191587105393 0.0062889680266380 0.0062597240321338 0.0062314458191395 0.0062041403725743 0.0061777913942933 0.0061523737385869 0.0061278399080038 0.0061041279695928 0.0060811652801931 0.0060588619671762 0.0060371165163815 0.0060064569115639 0.0059862644411623 0.0059662056155503 0.0059461379423738 0.0059259166009724 0.0059053851291537 0.0058843833394349 0.0058627501130104 0.0058403164148331 0.0058169164694846 0.0057923812419176 0.0057665416970849 0.0057392339222133 0.0057102958671749 0.0056795668788254 0.0056400061585009 0.0055940239690244 0.0055529591627419 0.0055096908472478 0.0054650953970850 0.0054238387383521 0.0053745871409774 0.0053278515115380 0.0052779791876674 0.0052249361760914 0.0051687043160200 0.0051046819426119 0.0050425729714334
0.0064545120112598 0.0064223310910165 0.0063909497112036 0.0063604386523366 0.0063308514654636 0.0063022254034877 0.0062745790928602 0.0062479153275490 0.0062222154811025 0.0061974483542144 0.0061735622584820 0.0061504980549216 0.0061281728558242 0.0061064972542226 0.0060759466141462 0.0060560158453882 0.0060363309457898 0.0060167568735778 0.0059971469454467 0.0059773516841233 0.0059572122991085 0.0059365648776293 0.0059152436442673 0.0058930790983140 0.0058698994107544 0.0058455332182348 0.0058198091574013 0.0057925623841584 0.0057636247947812 0.0057328403927386 0.0056927595287561 0.0056466679088771 0.0056051993742585 0.0055613233707845 0.0055163861252367 0.0054747695103288 0.0054252557456493 0.0053779995068908 0.0053275404497981 0.0052738441154361 0.0052168956026435 0.0051519651897252 0.0050890329293907
0.0064919390715659 0.0064603663049638 0.0064296103082597 0.0063997460529208 0.0063708219677210 0.0063428748399019 0.0063159191049635 0.0062899510376155 0.0062649552710354 0.0062408889643848 0.0062177050858736 0.0061953342519701 0.0061736954376101 0.0061432463116944 0.0061235330067575 0.0061041745357215 0.0060850386507809 0.0060659903101623 0.0060468781739473 0.0060275443829596 0.0060078334063292 0.0059875729493797 0.0059665977023542 0.0059447307139635 0.0059217987582088 0.0058976290747523 0.0058720465749502 0.0058448854833841 0.0058159716427326 0.0057851513847709 0.0057522654533386 0.0056983800604939 0.0056628817692399 0.0056190541945398 0.0055668042041361 0.0055248453281820 0.0054750884883106 0.0054273274727166 0.0053762956522405 0.0053219608962536 0.0052643110975623 0.0051984889432788 0.0051347487606108
